FID IID PC1 PC2 PC3 PC4 PC5 PC6 PC7 PC8 PC9 PC10 y.null y
HG00096 HG00096 -0.0130518 0.0254875 0.0085914 -0.0210636 -0.000675715 0.00125782 0.0074883 0.00511651 -0.0169574 -0.00020494 0.684199544214585 2.67501100774264
HG00097 HG00097 -0.0133323 0.0260338 0.00859449 -0.020938 -0.00190167 -0.000573146 0.00896155 0.00641085 -0.0208387 0.00141794 -0.858228378115924 1.32064112074873
HG00099 HG00099 -0.0133305 0.0258001 0.00816893 -0.0199061 -0.00153375 -0.000448268 0.0108406 0.00872221 -0.0219404 0.000404173 -1.49553566441754 1.74577208179193
HG00100 HG00100 -0.0128747 0.0263868 0.0086036 -0.021401 -0.000450285 0.00276914 0.00515581 0.00467373 -0.00955668 -0.00114661 -0.625815500021023 -0.0586037683503855
HG00101 HG00101 -0.0131828 0.0259547 0.00859958 -0.0212562 -0.0016484 2.52028e-05 0.00918418 0.00896408 -0.0208809 0.000985772 -0.918972050418514 -7.46792800041078
HG00102 HG00102 -0.0134004 0.0258694 0.00865232 -0.020789 -0.000884193 0.00122259 0.0111993 0.00904475 -0.01979 0.00185091 -0.567447796004003 -1.64460393584693
HG00103 HG00103 -0.013127 0.0252235 0.00843074 -0.0196769 -0.000222962 0.000248366 0.00723837 0.00565814 -0.0170684 0.000109499 1.23301307656759 1.7769837670764
HG00105 HG00105 -0.0132051 0.0253692 0.00813119 -0.0199288 -0.00137665 -0.000557292 0.00833535 0.00698211 -0.0214321 0.00288379 -0.716423104346769 -9.62265744024381
HG00106 HG00106 -0.0133867 0.0261403 0.00768991 -0.0199791 -0.00155756 -0.000458646 0.00763894 0.00480748 -0.0173226 -0.000348776 -0.228210011986594 -9.32644657194804
HG00107 HG00107 -0.0133406 0.0261968 0.00933262 -0.0205671 -0.00206457 -0.000669445 0.0115802 0.00992218 -0.0192172 0.00156704 -0.678861386324591 6.45857388603031
HG00108 HG00108 -0.0132594 0.0250029 0.00958141 -0.0217237 0.00200525 0.00452035 0.0094421 0.00917772 0.0409298 -0.00481173 -1.16951465811421 -8.56556647773451
HG00109 HG00109 -0.0134226 0.0260657 0.00946682 -0.0222204 -0.00192966 -0.00160095 0.00930255 0.00791375 -0.0148746 -0.00128664 -1.56258727631634 -4.81921804140645
HG00110 HG00110 -0.0132373 0.0254773 0.00844448 -0.0216425 -0.000962683 -0.000743278 0.0101353 0.00800927 -0.0121929 0.00102746 -1.32016286500195 -6.00643649878671
HG00111 HG00111 -0.0134184 0.025517 0.00976991 -0.0217908 0.00188982 0.0054555 0.00960698 0.011064 0.0414405 -0.00748488 0.646230176838878 -12.0077936715902
HG00112 HG00112 -0.0135132 0.0252008 0.00821537 -0.0208658 -0.000485068 0.00181012 0.00928116 0.00815679 -0.0130711 -0.000144816 -1.77242881719335 -4.89612642117894
HG00113 HG00113 -0.0134166 0.026191 0.00899106 -0.021014 -0.000548305 -0.00117673 0.0110935 0.00891732 -0.0119954 -0.00173327 -0.132476128538382 0.0318784629005083
HG00114 HG00114 -0.0133068 0.0255293 0.00802247 -0.020916 0.0014763 0.0036007 0.00761207 0.0083139 -0.00916731 -0.00225395 -1.32930183512697 -0.518418661060599
HG00115 HG00115 -0.0129291 0.026264 0.00747622 -0.0211156 -0.00212508 -0.00140498 0.00581663 0.00395284 -0.0186412 -0.00151494 -0.204663994253201 -8.23685267385262
HG00116 HG00116 -0.0131552 0.0257018 0.00877098 -0.0213747 0.000509617 0.0055704 0.00819145 0.00578279 0.00778739 0.00107736 1.07548725217499 -4.51719010566429
HG00117 HG00117 -0.0130345 0.0257775 0.00938035 -0.0218375 0.000210302 0.00531421 0.00869789 0.00752579 0.00918574 0.00075701 -1.49932087762459 -7.60728674214387
HG00118 HG00118 -0.013079 0.0262453 0.00853937 -0.0208078 -0.00114364 0.000121568 0.00614741 0.00411441 -0.0211849 -0.00361184 0.741840134665717 -11.6929126498406
HG00119 HG00119 -0.0130602 0.0257362 0.0107567 -0.0226806 0.0037123 0.00893092 0.00643595 0.00602295 0.0516132 -0.00475774 -1.07341460398948 -2.69692334171466
HG00120 HG00120 -0.0132499 0.0259236 0.00960945 -0.0223252 0.000213645 0.00458892 0.0083235 0.00621895 0.00454074 0.00103638 -0.31330664879974 0.368187449884141
HG00121 HG00121 -0.0134899 0.025785 0.00866293 -0.0210579 -0.000997575 0.000958126 0.0125698 0.0113755 -0.0106246 -0.000242476 0.292631699378746 0.626594150574435
HG00122 HG00122 -0.013139 0.0256352 0.00890238 -0.0209938 -0.00141905 0.00138116 0.00805945 0.00632414 -0.0171171 -0.00218986 0.0164730491419712 2.16200121495034
HG00123 HG00123 -0.0129687 0.0258559 0.00925764 -0.0219363 0.0030174 0.00875422 0.00412626 0.00636682 0.0412802 -0.00265624 0.343913695201381 -4.18409373002236
HG00125 HG00125 -0.0131352 0.0245089 0.00879905 -0.0201417 0.000734687 0.00270988 0.0118962 0.0121085 0.0032762 -0.000867558 1.23641483645104 0.620691624660216
HG00126 HG00126 -0.0132478 0.0266302 0.0083959 -0.0219168 -0.000855479 0.00126456 0.00485629 0.00395781 -0.017918 -0.00205086 0.936519323922889 3.76520207050607
HG00127 HG00127 -0.013279 0.025771 0.00819205 -0.0203091 -0.00196001 -0.000758355 0.0062376 0.00578363 -0.0178993 0.00201756 -0.67140961937664 -2.14491700692999
HG00128 HG00128 -0.0133547 0.0259841 0.00733229 -0.0213576 -0.000784407 -0.00170286 0.00746339 0.00641068 -0.0212507 -0.00117067 1.37459971531053 -12.1550755130697
HG00129 HG00129 -0.0134041 0.025866 0.00829878 -0.0205996 -0.000883207 0.00130243 0.0103926 0.00859268 -0.0207494 -0.000144823 -0.0296191037444917 2.9403300168936
HG00130 HG00130 -0.0132047 0.025305 0.00805364 -0.0206094 -0.000992663 -0.0014642 0.00446364 0.0025127 -0.0196045 -0.00128844 -0.0969741298968969 2.05649236239542
HG00131 HG00131 -0.0128706 0.0253236 0.00968982 -0.0225945 0.00326741 0.00747988 0.00249448 0.00144465 0.0447557 -0.00341248 0.497695061530369 -3.84622207941487
HG00132 HG00132 -0.013368 0.0263072 0.00804054 -0.0210744 -0.00157171 -0.00173925 0.00472549 0.00247174 -0.0177766 -0.000257978 1.90935996216875 -2.62773596771216
HG00133 HG00133 -0.0127777 0.0260579 0.00926242 -0.0221667 0.00147389 0.00571778 0.0032084 0.00306985 0.0274506 -0.0021045 -0.848572683999985 -8.66939876364339
HG00136 HG00136 -0.0131961 0.0249065 0.00851328 -0.0209648 0.000862095 0.00260222 0.00937911 0.00785291 0.00225735 0.000816408 1.81705233822477 -1.28014871439305
HG00137 HG00137 -0.0131848 0.0249793 0.00850084 -0.0208722 0.00157224 0.000755355 0.00747389 0.00557521 0.001709 -0.00212209 -0.0124553296767435 6.56068590586848
HG00138 HG00138 -0.013173 0.0255609 0.0092315 -0.0215634 0.00107037 0.00284143 0.00784794 0.00725286 0.00787747 -0.00200265 0.0495187742261082 1.13705799005706
HG00139 HG00139 -0.0130686 0.0259244 0.00838729 -0.0222737 -0.00137508 -0.000713879 0.00701372 0.0059138 -0.0136823 0.00107294 -0.145594267853427 -4.40858637899386
HG00140 HG00140 -0.0133434 0.0256473 0.00848685 -0.0208304 -0.000724255 0.000328445 0.0101471 0.0085553 -0.00903365 -0.00254923 -0.813113189268576 -8.33269659080514
HG00141 HG00141 -0.0130653 0.0263156 0.00787852 -0.0206081 -0.00242342 0.000480193 0.0106165 0.00815268 -0.022682 -0.00171443 0.0079317043437767 -0.542210391273565
HG00142 HG00142 -0.0132822 0.025272 0.00757513 -0.0208303 6.00885e-05 -0.000955207 0.00445433 0.00339461 -0.0143713 0.00209266 1.29621226908138 1.8467073427196
HG00143 HG00143 -0.0130079 0.0258963 0.00752252 -0.0201842 -0.00048999 0.00106927 0.00484495 0.00328499 -0.0152001 -0.00274338 -0.555572733620141 6.5080185289662
HG00145 HG00145 -0.0132705 0.025357 0.0106253 -0.0229047 0.00653738 0.0118012 0.000629762 0.00189789 0.0776538 -0.00796388 -0.713949630614098 6.77332189156662
HG00146 HG00146 -0.0132609 0.025602 0.00898086 -0.0213237 0.000332304 0.0010872 0.00551024 0.00319737 0.00139912 0.000642349 -0.144877399170998 -4.47631681749549
HG00148 HG00148 -0.0132062 0.0261501 0.00862281 -0.0217182 -0.00126097 -0.000590369 0.00631504 0.0040177 -0.0158831 -0.00394773 0.135188176411209 -1.84027863663687
HG00149 HG00149 -0.0131113 0.0261343 0.00914802 -0.0216765 -0.0023536 -0.000682018 0.00677096 0.00522429 -0.0214126 0.000352999 0.814643743708842 -8.28872200995446
HG00150 HG00150 -0.0132346 0.0249025 0.00821971 -0.0204403 0.00150739 0.00326238 0.00659046 0.00754272 -0.00981406 -0.00127457 0.846303928913132 -8.18685996210324
HG00151 HG00151 -0.0129556 0.0251805 0.00823563 -0.0206743 -0.000489566 0.00108902 0.00799001 0.00808529 -0.0126749 -0.00172478 -0.0773653612076697 -7.13999856637929
HG00154 HG00154 -0.0132418 0.0257869 0.00937809 -0.0217196 0.000397857 0.00174531 0.00666295 0.00666362 0.0105218 -0.00190709 -0.318283723459138 -1.72939512841341
HG00155 HG00155 -0.0133854 0.0253962 0.00920143 -0.0213252 0.001002 0.00455882 0.00756396 0.0062896 0.0105957 -0.00129694 -0.402854173941699 -6.44659132564599
HG00157 HG00157 -0.0134344 0.0254539 0.0106334 -0.0236765 0.00502959 0.0112121 0.00250421 0.00312147 0.0714047 -0.00857422 0.11847125338328 -4.28850921830173
HG00158 HG00158 -0.0130981 0.0251535 0.0100655 -0.0216558 0.00263465 0.00753676 0.00511003 0.00383366 0.0376517 -0.00114815 0.308908665091138 -9.98802107963505
HG00159 HG00159 -0.0130184 0.0254338 0.01005 -0.0223132 0.00272743 0.00682089 0.00411112 0.00319676 0.0253396 -0.000224517 0.263198723053813 -2.58158748944916
HG00160 HG00160 -0.0132917 0.0254678 0.00955578 -0.0214469 0.000301852 0.00419684 0.0057187 0.0030583 0.01393 0.000509038 -0.221235067659483 2.79751008588108
HG00171 HG00171 -0.0138187 0.0203018 0.0103544 -0.0195561 0.00203749 0.0301002 0.0563862 0.0653695 0.00298149 0.00485841 0.27120826879393 -4.41040820214985
HG00173 HG00173 -0.0137649 0.0213998 0.00995508 -0.0194984 0.001585 0.025201 0.0522279 0.0619321 -0.00792562 0.00280009 0.106441392897062 -5.15162009142068
HG00174 HG00174 -0.0135218 0.0230404 0.0105341 -0.0207156 0.00163169 0.0204311 0.0415764 0.0488558 0.00156413 0.00184352 -0.726753938629347 0.421087122936407
HG00176 HG00176 -0.0134903 0.0215951 0.0104316 -0.0201515 0.0012054 0.0255118 0.0502865 0.0578977 -0.00589631 0.00275167 -0.226971601798645 -5.74320012503635
HG00177 HG00177 -0.0138927 0.0206416 0.00972413 -0.0189311 0.00193937 0.0250983 0.0537324 0.0626274 -0.00664594 0.00396679 -0.742033545793702 -5.6133728633209
HG00178 HG00178 -0.0133773 0.0222244 0.00996358 -0.0209714 0.00053035 0.0242901 0.0477226 0.0555323 -0.00927726 0.00111072 1.042184771825 -3.66932055321739
HG00179 HG00179 -0.0136619 0.0213252 0.0101568 -0.0203217 0.00287887 0.025132 0.0486388 0.0571268 0.011184 -0.000403763 1.43664849392411 -3.49370049728986
HG00180 HG00180 -0.0138483 0.0213513 0.00960419 -0.0195796 0.00129342 0.0219762 0.0461178 0.0547157 -0.00925351 0.00320158 -0.564892172075916 3.59351419790477
HG00181 HG00181 -0.0127585 0.0220495 0.00777262 -0.0193005 -0.000113067 0.0159005 0.0304929 0.0366116 -0.0130077 0.00249385 -1.44729668696155 1.18065435745499
HG00182 HG00182 -0.0134406 0.0210937 0.0105145 -0.0197546 0.00299377 0.0297956 0.0503993 0.0614314 0.0134942 0.000536072 0.041790577343526 -2.15976114537475
HG00183 HG00183 -0.0138138 0.0213859 0.00994607 -0.0200644 0.00110814 0.025655 0.0560662 0.064644 -0.00715405 0.00390916 0.12087590733728 -3.75776621195054
HG00185 HG00185 -0.0133989 0.0210629 0.00938983 -0.0199693 0.00191898 0.026732 0.0532935 0.063639 -0.000744698 0.00243109 0.564308412511217 -2.40966122255748
HG00186 HG00186 -0.0136234 0.0215595 0.0110132 -0.0212024 0.00428483 0.0292581 0.0521073 0.0632982 0.0150772 0.00232418 1.0652203520231 0.797930095500866
HG00187 HG00187 -0.0134193 0.0205738 0.0100002 -0.019922 0.00222438 0.0288574 0.0542681 0.0658349 -0.00498752 0.00438318 1.65871491567817 0.0530527770463776
HG00188 HG00188 -0.0135928 0.0227355 0.00982044 -0.0205008 0.000200875 0.022102 0.0478623 0.0549028 -0.0128612 0.00248173 0.484060643800884 -10.9679004730365
HG00189 HG00189 -0.0136097 0.0220346 0.0103262 -0.0205642 0.00131663 0.0218199 0.0477786 0.0546106 -0.00761605 0.00312176 1.60052898234302 5.05617222032774
HG00190 HG00190 -0.0135398 0.0221568 0.00887399 -0.0195698 0.00132021 0.0191832 0.0433445 0.0485355 -0.00900505 0.00200094 -0.639311360626876 -8.64227175214996
HG00231 HG00231 -0.0130741 0.0259004 0.00861663 -0.0209492 -0.00115763 -0.000926259 0.00286218 0.00178928 -0.0145097 -0.000301506 -1.11964142351735 -13.8173561594264
HG00232 HG00232 -0.0134068 0.0255404 0.0084524 -0.0206012 0.000171735 0.00115933 0.00660336 0.00672812 0.00715496 -0.00264737 -0.141145244482669 4.3997582274371
HG00233 HG00233 -0.0128247 0.0252237 0.00828328 -0.0198299 -0.000695866 -0.00168846 0.00485432 0.00262663 -0.017659 0.00170718 -0.364655188928821 -1.1020524255822
HG00234 HG00234 -0.0133636 0.0255812 0.0083313 -0.0203431 -0.00112239 -0.00180092 0.00608339 0.00507197 -0.0215626 0.000691011 -0.0128494957477857 -7.06979708813873
HG00235 HG00235 -0.0133521 0.0260098 0.00811733 -0.0204785 -0.000221336 -0.00125863 0.00705845 0.00507814 -0.0204215 -0.000930591 -0.153223965256076 -1.82551663357669
HG00236 HG00236 -0.0128834 0.0258787 0.0088951 -0.0218973 -0.000466206 -0.000432063 0.00767034 0.00561196 -0.00771676 0.000875785 0.697982876502822 -7.11066330951915
HG00237 HG00237 -0.0131965 0.0256667 0.00862717 -0.0218715 -0.00127522 -0.00104696 0.00915655 0.00814073 -0.00944093 0.000165055 0.14209772431328 -5.68511282194429
HG00238 HG00238 -0.013279 0.0256294 0.00812961 -0.0203106 -0.0020468 -0.00227948 0.00612901 0.00388541 -0.0218243 0.000518629 -0.101124202580796 -16.1380979365282
HG00239 HG00239 -0.0130272 0.0262945 0.00909418 -0.0216139 -0.000380782 0.00286241 0.0075449 0.00612027 -0.00687026 0.000415714 1.81583612568503 -0.672282603683971
HG00240 HG00240 -0.01341 0.0261375 0.00849915 -0.0208526 -0.00150184 -0.00146845 0.00735557 0.00541474 -0.0216047 -2.62446e-05 -1.05051279010997 -6.80950372807188
HG00242 HG00242 -0.0129266 0.0254862 0.0091577 -0.0212161 0.00257073 0.00483699 0.00513595 0.00522461 0.0102608 -0.000393916 2.34920046670808 -9.06762679319929
HG00243 HG00243 -0.0131597 0.0262028 0.00874811 -0.0212881 0.00201881 0.00536877 0.00260242 0.00279429 0.0078906 -0.00292584 3.28300718247482 -3.84328175557348
HG00244 HG00244 -0.0131648 0.025991 0.00925988 -0.0221095 0.00174898 0.00461907 0.00220313 -0.00184412 0.0185746 -0.000577989 0.198504881824139 -8.12988008671657
HG00245 HG00245 -0.0129567 0.0251142 0.00851279 -0.0210552 0.000663646 0.00270915 0.00461486 0.00366495 0.00109868 0.00122042 0.753084693921587 -8.82608960403187
HG00246 HG00246 -0.013107 0.0250316 0.00880042 -0.0206203 4.94454e-06 0.000401589 0.00590601 0.00448224 0.00978528 -0.00321082 -1.14135279990381 -7.17584620962483
HG00250 HG00250 -0.0131527 0.02581 0.00879749 -0.0215178 -0.000319055 -0.00188964 0.00634161 0.00339767 -0.00810725 -0.000598681 -0.238779457746115 -3.58569921510475
HG00251 HG00251 -0.0130781 0.0259254 0.00829967 -0.0204627 -3.37065e-06 -0.0025174 0.00376769 0.00126725 -0.00716472 -0.000879834 0.368748562369418 5.47874625605155
HG00252 HG00252 -0.013394 0.0258819 0.009074 -0.0220586 -0.00127041 -0.00180653 0.00802708 0.00585282 -0.0125854 -0.00249239 0.85597800039686 -9.73560322401295
HG00253 HG00253 -0.0132482 0.0260491 0.00846145 -0.0218685 -0.00057824 -0.0013991 0.00632312 0.00372172 -0.0123143 -0.000404371 0.7132953090481 0.701488667172191
HG00254 HG00254 -0.0131362 0.0254549 0.00866303 -0.0207817 -0.00124248 -0.00136619 0.00652106 0.00540963 -0.00653981 -0.000356434 0.273235443321701 -0.620217083464136
HG00255 HG00255 -0.013119 0.0261443 0.00902235 -0.0213748 -0.000926928 0.00049033 0.00564522 0.00423269 -0.00887731 0.000707566 -0.548613185331631 0.671305082136643
HG00256 HG00256 -0.0134353 0.0263546 0.00933468 -0.0227945 -0.001652 -0.000781315 0.00741517 0.00505228 -0.00185551 -0.000594418 -1.32788972834013 -6.1418438251275
HG00257 HG00257 -0.0132212 0.0256769 0.00807842 -0.0206413 -0.00133926 -0.00114316 0.00693703 0.00614395 -0.0088554 0.000445601 -0.095419356427573 -0.836892057902864
HG00258 HG00258 -0.012952 0.0257722 0.00956657 -0.0222663 0.00169657 0.00340286 0.00559505 0.00434963 0.00864962 0.000990351 -0.541989526283125 2.12922184289719
HG00259 HG00259 -0.013163 0.0263194 0.00923912 -0.0225465 -0.000949666 -0.00171377 0.0067377 0.00473629 -0.00750382 -0.00102555 0.307724797678323 -3.31104536665901
HG00260 HG00260 -0.0132518 0.0258051 0.00877876 -0.0213279 -0.00137269 -0.000217205 0.00977176 0.00979698 -0.010471 0.0011386 1.38194056905529 0.624946022637532
HG00261 HG00261 -0.0131461 0.0256292 0.00856021 -0.0220261 -0.000985993 -0.00164244 0.0044087 0.00355511 -0.00726924 -0.00112747 -0.167348581917986 0.257689500906948
HG00262 HG00262 -0.0134448 0.0256891 0.00970367 -0.0220041 0.00329496 0.00799105 0.00594709 0.00301068 0.0267256 -0.000403354 0.464680984065955 -9.70329094163107
HG00263 HG00263 -0.0133763 0.0260038 0.00900336 -0.021642 0.00123263 0.00146343 0.00477539 0.00464094 0.0158568 -0.00266021 -0.165353651599513 6.623576539609
HG00264 HG00264 -0.0129398 0.0257069 0.00956469 -0.0218113 0.00175001 0.00419117 0.00271127 4.95014e-05 0.0208516 -0.00188582 0.983795394133109 4.08364653753166
HG00265 HG00265 -0.0132281 0.0261782 0.0095947 -0.0221351 0.00113113 0.00398466 0.00776583 0.00663238 0.00988113 -0.00146201 0.0833854104460559 1.10738907055597
HG00266 HG00266 -0.0136527 0.0215842 0.00920065 -0.0200377 0.00198341 0.0232268 0.0487286 0.0583485 -0.00793347 0.00317869 0.814317209343551 -4.92557013370338
HG00267 HG00267 -0.0136694 0.0208742 0.0095704 -0.01996 0.000640163 0.0250812 0.0514169 0.0615524 -0.00735682 0.00447919 0.568081855898379 -8.28365405557724
HG00268 HG00268 -0.0135166 0.0228253 0.0101526 -0.0213953 0.000849085 0.020262 0.0490249 0.0567983 0.00236351 0.00140949 1.29160151663185 -0.870519602324012
HG00269 HG00269 -0.013437 0.0214486 0.0100357 -0.0195469 0.00341331 0.0301687 0.0569449 0.0687613 0.00116801 0.00321193 0.972410710663197 -9.24748493314275
HG00271 HG00271 -0.0136309 0.020668 0.0104115 -0.0200684 0.00257609 0.0288746 0.0626137 0.0722263 0.00181581 0.00451019 0.602456483896099 -7.92943477264613
HG00272 HG00272 -0.0135789 0.0199753 0.0104952 -0.020025 0.0051939 0.0335632 0.0548147 0.0645585 0.0276913 0.0020567 -0.45818230272387 -5.01588570112624
HG00273 HG00273 -0.0134753 0.0225335 0.0103955 -0.0219222 0.000995132 0.0228851 0.0502317 0.058015 0.000287773 0.00201061 0.487269533917549 -5.69818634783516
HG00274 HG00274 -0.0136382 0.0226202 0.0111037 -0.0213242 0.00150709 0.0244251 0.0501986 0.0601195 0.00719882 0.00258222 1.75006038090034 -3.97014463953379
HG00275 HG00275 -0.0135348 0.0222754 0.0101825 -0.0212244 0.00226056 0.0217422 0.0438975 0.0510065 0.0281784 0.000421973 -0.484994383350039 4.33826019967275
HG00276 HG00276 -0.0135483 0.0215025 0.010916 -0.0204859 0.00280448 0.0256388 0.0515556 0.0605975 0.0215496 0.00195277 0.921187609929626 -7.2070659629108
HG00277 HG00277 -0.0136377 0.0228652 0.00997259 -0.0206307 0.00173395 0.0174182 0.0368619 0.0426635 0.0129723 0.00119981 0.507907055465889 -0.554907474092862
HG00278 HG00278 -0.0136414 0.0217178 0.00968207 -0.0200243 0.00364095 0.0250017 0.0532863 0.0635752 0.0179675 0.00182441 -1.10658221736126 -6.90002598341949
HG00280 HG00280 -0.0135837 0.0217896 0.0103511 -0.0213495 0.00195565 0.0260027 0.0504004 0.0589097 0.018959 0.00139929 -0.936673311907047 11.3874954051444
HG00281 HG00281 -0.0137625 0.0216183 0.0106099 -0.0202378 0.00191722 0.0257568 0.0511573 0.058436 0.0217483 0.000905727 -1.74465270378324 2.40999857995851
HG00282 HG00282 -0.0135387 0.0213015 0.00992656 -0.021135 0.00222541 0.0268202 0.0542139 0.0635068 0.0168602 0.00153818 1.50335583191148 4.10193748334736
HG00284 HG00284 -0.0138895 0.0219463 0.0107601 -0.0205867 0.00334672 0.0260983 0.0506097 0.0595309 0.0188632 0.00363619 -1.16524679724638 -10.9617496071926
HG00285 HG00285 -0.0137325 0.0209583 0.0108102 -0.0208236 0.00298068 0.0302928 0.0593281 0.0703637 0.0233888 0.00286845 -1.29690764932582 -1.36571039334383
HG00288 HG00288 -0.0139101 0.0225757 0.00939918 -0.0196675 -9.9632e-05 0.0272413 0.0619365 0.0712255 -0.0155748 0.00422809 -0.877951944854791 -1.07039523996301
HG00290 HG00290 -0.0137135 0.0212953 0.00939662 -0.0196765 -0.000877933 0.027924 0.0596473 0.0696441 -0.0143264 0.00443515 -0.860239009784108 -2.63980774144902
HG00304 HG00304 -0.0135448 0.0216005 0.00957683 -0.0194571 0.000366348 0.0258684 0.0565832 0.0660688 -0.0114007 0.00411679 0.556671788857799 -3.1875638918287
HG00306 HG00306 -0.0137161 0.0228448 0.00947011 -0.0201079 0.00267408 0.0221029 0.0420373 0.0467209 0.000505773 0.00343629 0.488847165692456 -2.83337500143829
HG00308 HG00308 -0.0135797 0.02095 0.0102801 -0.0198171 0.00209642 0.0254281 0.0491635 0.0554439 0.00016937 0.00248658 1.09140375777153 -13.5011075165072
HG00309 HG00309 -0.0135224 0.0219637 0.0103944 -0.0204631 0.00139312 0.0223055 0.0506428 0.0594503 -0.00196988 0.00349077 0.253069271666364 -6.32462715623021
HG00310 HG00310 -0.0135966 0.0223915 0.0105533 -0.0217463 0.00357834 0.0226201 0.0456924 0.0536253 0.0352288 -0.000223951 -0.125818603093395 0.911783932956049
HG00311 HG00311 -0.0135098 0.0230958 0.00978877 -0.0203359 0.00201174 0.0187923 0.0362606 0.0422364 0.000369425 0.00352586 0.454127716619528 7.14991586933838
HG00313 HG00313 -0.0136333 0.0212036 0.0103643 -0.0201409 0.00197379 0.0263699 0.0547025 0.0640738 0.00787771 0.00270415 -2.27475348520796 -3.12435522726342
HG00315 HG00315 -0.0135684 0.0212843 0.0103919 -0.0202218 0.00256621 0.0244706 0.0489865 0.0572753 0.00795109 0.000894865 -0.655572134353077 -9.56201438121235
HG00318 HG00318 -0.0135894 0.022448 0.0100217 -0.0209987 0.00182758 0.0232437 0.0478887 0.0552542 0.0110185 0.00187962 0.623815166914473 -3.56422472740404
HG00319 HG00319 -0.0137122 0.0214858 0.0103587 -0.0205502 0.00268294 0.0247245 0.0527364 0.0610043 0.00779729 0.00361464 0.255395692195115 -9.7765816543194
HG00320 HG00320 -0.0135184 0.0216516 0.0102592 -0.0203033 0.00252129 0.0227698 0.0447471 0.0530381 0.0159169 0.00202272 0.351439267775912 -11.6059549661173
HG00321 HG00321 -0.0136692 0.0212165 0.0107525 -0.0206733 0.00186664 0.0258788 0.0529914 0.0630062 0.0130859 0.00150376 0.486851373558323 -2.51346689949801
HG00323 HG00323 -0.0136224 0.0210405 0.0101251 -0.0212996 0.00310517 0.0289249 0.0580167 0.0678913 0.0226343 0.00109097 -0.271904089737588 -9.8342266125837
HG00324 HG00324 -0.0135471 0.0212016 0.0116061 -0.0211489 0.00358803 0.0315319 0.062589 0.0743781 0.035612 -0.000337911 0.888828550320499 -7.52992014932174
HG00325 HG00325 -0.0139613 0.0208633 0.011366 -0.021222 0.00317183 0.0323699 0.0615622 0.0725597 0.0306033 0.00154087 -1.10105558813075 -2.45738882093547
HG00326 HG00326 -0.0136985 0.0214278 0.0107888 -0.0216432 0.00385641 0.0286144 0.0516655 0.0616514 0.0318637 -5.45557e-05 -1.44758527852905 -0.195286273525299
HG00327 HG00327 -0.0134561 0.021043 0.00959893 -0.0200294 0.00152754 0.0244802 0.0502987 0.0587118 0.00999233 0.0014901 1.56753733247174 3.03421034695001
HG00328 HG00328 -0.0138173 0.0219714 0.0119336 -0.0213687 0.00453355 0.0264773 0.0493815 0.0588295 0.0520928 -0.00211419 0.105086977739175 5.40353807511478
HG00329 HG00329 -0.0136664 0.0228994 0.0106964 -0.0218603 0.00217572 0.0245757 0.0462361 0.0536016 0.0295119 4.91665e-05 0.133048618635586 -5.08967347417299
HG00330 HG00330 -0.0134762 0.021524 0.0102966 -0.0205145 0.00278009 0.0215535 0.0431941 0.050964 0.0108396 0.000812902 1.64891728952999 3.77768153427804
HG00331 HG00331 -0.0135545 0.0217207 0.0104806 -0.020623 0.00295376 0.0252733 0.0422274 0.0509438 0.0329199 2.65813e-05 0.251663997598485 -6.02276553723835
HG00332 HG00332 -0.0135712 0.0219178 0.0098607 -0.0196914 0.000944694 0.0194139 0.0458022 0.0523032 -0.00611632 0.00261801 1.08433233783781 9.856638560946
HG00334 HG00334 -0.0135796 0.0229256 0.011736 -0.0231 0.00416566 0.0248029 0.043935 0.0523001 0.0552421 -0.00343974 -1.64159540829353 -6.25036881938709
HG00335 HG00335 -0.0135721 0.022517 0.0104665 -0.0211508 0.00072921 0.02174 0.0517144 0.0603498 -0.00185136 0.00216413 -0.305124883124332 -0.0998550083883272
HG00336 HG00336 -0.0137498 0.0214043 0.0100886 -0.0206133 0.00266212 0.0259762 0.0510796 0.0603326 0.0104252 0.00433634 -1.58291130545082 -8.49940080119464
HG00337 HG00337 -0.0134597 0.022752 0.00994831 -0.020933 0.000374608 0.017957 0.0426102 0.0487843 -0.00514734 0.00191238 -1.53062034069608 -0.482167260136736
HG00338 HG00338 -0.0134666 0.0212582 0.0102443 -0.0202288 0.00294602 0.0248927 0.0522842 0.0600658 0.0216113 0.00186422 1.79332891418558 7.14766860929172
HG00339 HG00339 -0.0135675 0.0213166 0.0101881 -0.0202042 0.00123737 0.020784 0.045009 0.051982 0.0147981 0.00284754 -0.979989966715527 -3.74067652103227
HG00341 HG00341 -0.0128482 0.0221167 0.00772369 -0.0187638 0.000914928 0.0134476 0.0313001 0.0364176 -0.00702059 0.00295215 0.553970527921323 -6.97807494449485
HG00342 HG00342 -0.0136824 0.0215101 0.0112119 -0.0215685 0.00310267 0.0296316 0.0541344 0.064525 0.0327941 -0.000593628 1.26186547708016 -5.79641231142217
HG00343 HG00343 -0.0136621 0.0216421 0.0106106 -0.020751 0.00261566 0.026308 0.0526628 0.0616666 0.0199048 0.00138761 -0.714394418938192 -6.66981402565508
HG00344 HG00344 -0.0136084 0.0232352 0.00903713 -0.0208094 0.00263511 0.0146436 0.0324881 0.0363022 0.0115471 0.000944367 0.489811035062811 -12.6727534986635
HG00345 HG00345 -0.0136562 0.0222357 0.0101091 -0.0210966 0.000660491 0.0235763 0.0533269 0.0620009 -0.000822764 0.00300191 -0.284090958685911 -4.33508651128104
HG00346 HG00346 -0.0135879 0.0227849 0.0108097 -0.0216128 0.000288095 0.0211204 0.0491143 0.0566029 -0.00370097 0.00264139 0.13208158942811 0.780650413942497
HG00349 HG00349 -0.0136819 0.0214257 0.00984524 -0.019393 0.000848554 0.0244719 0.0535722 0.0616105 -0.013219 0.00385843 -0.0431339583075601 -5.14967963087651
HG00350 HG00350 -0.0133837 0.0236943 0.00857739 -0.0198461 0.000455355 0.011373 0.0333335 0.0359893 -0.0199401 0.00228881 -0.436305022082959 -13.5484374591293
HG00351 HG00351 -0.0136786 0.0216821 0.00993255 -0.019919 0.000366324 0.0230575 0.0516165 0.0593758 -0.0153981 0.00511248 -0.279088578107258 -8.11451619175608
HG00353 HG00353 -0.0137424 0.0217435 0.0105713 -0.0215869 0.000998501 0.024451 0.0540593 0.0632269 0.00210648 0.00331532 0.00398706502851087 -3.68509433340997
HG00355 HG00355 -0.0137655 0.0226534 0.00921681 -0.0196767 0.000720211 0.0179819 0.0442267 0.0503081 -0.0158007 0.00448291 0.519552880042098 10.5883024573739
HG00356 HG00356 -0.0136395 0.0222107 0.0098758 -0.0198961 0.000772872 0.0221752 0.0502917 0.0577938 -0.0139274 0.00380562 -0.53228688818671 -7.0232610776765
HG00357 HG00357 -0.0137015 0.0219415 0.00970251 -0.0205237 0.0028192 0.0265478 0.0482271 0.0553437 0.00628332 0.00537162 0.392220191638682 4.22633197980118
HG00358 HG00358 -0.0135435 0.0204693 0.0108447 -0.0192526 0.000609143 0.0288253 0.063555 0.0743481 -0.0136458 0.00464929 0.223512717732511 -7.31013385793241
HG00360 HG00360 -0.013607 0.0229283 0.00892851 -0.0206451 -0.000500722 0.0206477 0.0463353 0.0534094 -0.014393 0.00595982 1.38005195420576 0.334000002943065
HG00361 HG00361 -0.0137956 0.020764 0.0107461 -0.020711 0.00661134 0.0377797 0.0576429 0.0701788 0.0458388 -0.00161691 0.853703028661666 -6.97938767402477
HG00362 HG00362 -0.0136139 0.0227616 0.00982501 -0.0194999 3.09871e-05 0.0200414 0.0465619 0.0532389 -0.0158995 0.00462266 1.39817491428012 -20.293222433359
HG00364 HG00364 -0.0135627 0.022306 0.0103893 -0.0201841 -0.000364388 0.0213154 0.0492624 0.0572721 -0.0153338 0.00509724 0.109709384926391 1.58416288147223
HG00365 HG00365 -0.0136097 0.0216372 0.00973128 -0.0205435 -0.000185602 0.0273794 0.0590906 0.0692323 -0.0126664 0.00716652 1.49214603541784 -9.42925058304958
HG00366 HG00366 -0.0136388 0.021704 0.00987209 -0.0201497 0.00379967 0.0292103 0.050074 0.0597153 0.0194494 0.0038905 -0.277532504904886 -5.87242475819862
HG00367 HG00367 -0.0139131 0.0210924 0.00996226 -0.0199527 0.0042545 0.0267215 0.044968 0.0528748 0.0141457 0.00273598 2.04329646772794 -4.07639530958333
HG00368 HG00368 -0.0135433 0.0210886 0.00981969 -0.0205594 0.00258323 0.0341538 0.0601383 0.0732281 0.00309607 0.00329103 -0.454476806228689 4.91388288628585
HG00369 HG00369 -0.0135531 0.0214874 0.00979613 -0.0203096 0.00476285 0.0324506 0.0523096 0.0634293 0.0220436 0.00314178 0.21552053720406 -5.15521433792875
HG00371 HG00371 -0.0134768 0.022176 0.0100958 -0.0199398 0.0015543 0.0254007 0.0509248 0.0582342 -0.0011365 0.00626191 -1.03047394969212 -2.84689037388018
HG00372 HG00372 -0.0138448 0.0215282 0.0105313 -0.0204163 0.00357654 0.027345 0.0470984 0.055102 0.00876036 0.00242831 -0.430188266740446 -7.34136525121967
HG00373 HG00373 -0.0137595 0.0208176 0.0104139 -0.0203478 0.0035135 0.030948 0.0539628 0.0631373 0.00878663 0.00329675 1.73357435341879 -13.8906411557106
HG00375 HG00375 -0.0136808 0.0219007 0.010761 -0.0213718 0.00316289 0.0262465 0.0529529 0.0626851 0.0299396 0.000238249 -0.405455193034611 6.69387860953107
HG00376 HG00376 -0.0135665 0.022839 0.0099536 -0.0208577 0.000842212 0.020269 0.0470089 0.0539014 -0.00739166 0.00243232 0.51857897375344 -0.00724040084422395
HG00378 HG00378 -0.013632 0.0219818 0.0102473 -0.0211614 0.000807053 0.023436 0.0537455 0.0630015 -0.00395621 0.00456117 -0.162542318827635 -1.40455934940824
HG00379 HG00379 -0.0136138 0.0224186 0.0102274 -0.0199053 0.000361321 0.0218885 0.0472994 0.0551142 -0.00411701 0.00592943 0.718235434647145 -4.47067573660428
HG00380 HG00380 -0.0133905 0.0237219 0.00893758 -0.0209557 0.00147717 0.0171813 0.0356455 0.0383836 -0.00313415 -0.000474498 0.396145505893794 -8.17107095061848
HG00381 HG00381 -0.013691 0.0228445 0.00991836 -0.0208354 0.00106722 0.0222687 0.054226 0.0616653 -0.00304705 0.00309761 -1.5510404777878 -6.41630919723267
HG00382 HG00382 -0.0135298 0.0211716 0.0102025 -0.0200694 0.000687118 0.0260453 0.0580938 0.0660407 -0.00096345 0.00418811 -1.29976067623336 4.93664089335416
HG00383 HG00383 -0.0136572 0.0214239 0.010498 -0.0205666 0.00106342 0.0261944 0.0597061 0.0703795 -0.0028626 0.00532206 0.704968121828384 -9.86374052026133
HG00384 HG00384 -0.0136777 0.0225065 0.0105791 -0.021556 0.00259046 0.0264794 0.0509414 0.0572958 0.000418746 0.00393538 0.395508734779431 -6.60669572644667
HG01334 HG01334 -0.0134278 0.0255692 0.0102575 -0.0217766 0.000828535 0.00176339 0.00717613 0.00673777 0.0117888 -0.00358517 -1.18142036194368 -2.84162721294784
HG01500 HG01500 -0.0115961 0.0243397 0.00791007 -0.0205905 -0.00158649 -0.0077883 -0.0144396 -0.0146599 -0.0168786 0.00109539 -0.275640929320719 -2.66847135649511
HG01501 HG01501 -0.0113624 0.023806 0.00814551 -0.0197975 -0.00229308 -0.00769313 -0.0142583 -0.0154656 -0.0148487 0.00137721 -0.911014109268181 -7.42624686936004
HG01503 HG01503 -0.012516 0.0250903 0.00804275 -0.0208748 -0.00206455 -0.00798239 -0.015194 -0.0154697 -0.0177314 -0.0001167 0.0233779930646877 -10.7385072702106
HG01504 HG01504 -0.0118946 0.0248754 0.00857385 -0.0209655 -0.000994061 -0.00903809 -0.0176889 -0.0206474 -0.017723 -0.00104848 0.261999464611792 -12.6212351505803
HG01506 HG01506 -0.0115298 0.0252366 0.00849223 -0.0212038 -0.00112212 -0.0098673 -0.0173974 -0.0182924 -0.0152646 -0.00101047 0.0279244730806823 -6.83171478749062
HG01507 HG01507 -0.0120572 0.0251754 0.00827182 -0.0216255 -0.00158516 -0.00866467 -0.0158789 -0.0202563 -0.0139603 -0.000122593 0.939032605869239 -8.00330817631904
HG01509 HG01509 -0.0114987 0.0249324 0.00845093 -0.0214282 -0.00322052 -0.00889809 -0.0154354 -0.017342 -0.016544 0.00196087 -0.285415722930688 -1.1078979368321
HG01510 HG01510 -0.0120402 0.025284 0.00876775 -0.0210447 -0.00182267 -0.00811822 -0.0159319 -0.0175534 -0.0141572 -0.000672994 -0.125170800175923 -22.8203980449742
HG01512 HG01512 -0.0122259 0.0256978 0.00981825 -0.0218833 -0.00199082 -0.00829726 -0.014916 -0.0183379 -0.0112119 -0.000810129 1.07935356161377 -6.97969648223263
HG01513 HG01513 -0.0123381 0.0255966 0.00969873 -0.0223912 -0.00214719 -0.00789521 -0.0142609 -0.0184533 -0.0123428 -0.00103438 -0.435768409332723 -0.340774879714757
HG01515 HG01515 -0.0128074 0.0258198 0.0108472 -0.0224443 0.000322225 -0.00764088 -0.0148927 -0.0195176 -0.00501101 0.00166082 -1.94401122018663 -13.6984086494915
HG01516 HG01516 -0.0127358 0.0261196 0.0108912 -0.0224059 -0.00107193 -0.00632139 -0.0147909 -0.0189412 -0.00635797 0.00166154 0.669241162601317 3.00757462222838
HG01518 HG01518 -0.0126783 0.0257013 0.0102396 -0.0227166 -0.000973796 -0.00848932 -0.0174151 -0.0212227 -0.00688596 0.00157985 -0.796205854668106 -5.76430372767638
HG01519 HG01519 -0.012721 0.026089 0.0109144 -0.0228981 -0.000835997 -0.00791533 -0.0144425 -0.0193888 -0.00410004 0.000285948 -1.5760926534652 -15.0230529012892
HG01521 HG01521 -0.0129886 0.0262914 0.0114346 -0.0235439 -0.000574328 -0.0057334 -0.01532 -0.0210244 8.95173e-05 -0.00102481 -1.19058202301438 -9.28135117076586
HG01522 HG01522 -0.013112 0.0265576 0.0113584 -0.0233423 -0.00137134 -0.00739566 -0.0140728 -0.0187572 -0.00361277 0.00109693 -0.468983784335756 -3.96239909278001
HG01524 HG01524 -0.0121297 0.0253843 0.00882585 -0.0212739 -0.00212342 -0.00996221 -0.0175248 -0.0190525 -0.0155526 0.00291719 -0.763859819349282 -15.1893038573146
HG01525 HG01525 -0.0119587 0.0252186 0.00875952 -0.0220419 -0.00204856 -0.00924282 -0.0169676 -0.0185559 -0.0165045 0.00163983 0.346949002168335 -8.29680437966707
HG01527 HG01527 -0.0110354 0.024644 0.00843829 -0.0207971 -0.00218024 -0.00963331 -0.0170799 -0.0179996 -0.0152704 0.00405515 -1.02597590153644 -0.789095530864182
HG01528 HG01528 -0.0117076 0.0253664 0.00902545 -0.0217623 -0.00228999 -0.00915587 -0.0176986 -0.0201464 -0.0130063 0.00189036 -0.0821791880912927 -2.13046429166634
HG01530 HG01530 -0.011633 0.0248651 0.00868627 -0.021081 -0.00262329 -0.0083473 -0.0161535 -0.0179397 -0.0143134 0.00309887 -0.657088940053759 -15.097328370617
HG01531 HG01531 -0.011672 0.0249324 0.00855411 -0.0211823 -0.00243044 -0.00909141 -0.0157388 -0.0153064 -0.0150245 0.00224082 -0.565201206338445 -9.10363311241056
HG01536 HG01536 -0.0121196 0.0252107 0.00885487 -0.0214594 -0.00251228 -0.00867249 -0.0129932 -0.0156479 -0.016843 0.000898369 -0.738498147283005 -4.51274641844258
HG01537 HG01537 -0.0122943 0.0255632 0.00867735 -0.0213771 -0.00247249 -0.00965154 -0.0139687 -0.0149884 -0.0162741 0.0012964 -0.0880951959262478 -4.52367259324067
HG01602 HG01602 -0.0114282 0.0242043 0.0081213 -0.0198068 -0.00201833 -0.00762185 -0.0145023 -0.014595 -0.0148592 0.00263159 -0.482443644908396 7.39867093708465
HG01603 HG01603 -0.0116684 0.0247081 0.0082223 -0.0206418 -0.00281577 -0.00702427 -0.0149734 -0.0156185 -0.0157673 0.00303562 -0.391599536672548 -11.3192385068901
HG01605 HG01605 -0.0122249 0.025111 0.00864297 -0.0210526 -0.00101796 -0.00859312 -0.0155764 -0.0172904 -0.015572 0.00123928 0.3583419411128 -14.0503276833867
HG01606 HG01606 -0.0121075 0.0252775 0.00867217 -0.0214083 -0.00167592 -0.00820439 -0.0123187 -0.0138653 -0.0158231 0.000194672 -0.68711208921751 -2.93894875820024
HG01607 HG01607 -0.01209 0.0250364 0.00826792 -0.0205018 -0.00197698 -0.00786191 -0.0152864 -0.0175468 -0.0148832 0.00135219 -0.613477813707855 2.72933212813821
HG01608 HG01608 -0.0116718 0.0251535 0.00869761 -0.0210559 -0.00168305 -0.0102471 -0.0170937 -0.0187364 -0.0169628 0.00138742 -1.72066822571993 -6.52860717944565
HG01610 HG01610 -0.0114181 0.0245864 0.00872863 -0.0208562 -0.001035 -0.00928998 -0.0180554 -0.0192095 -0.0137608 0.00422641 -1.16143730818898 1.27950746902729
HG01612 HG01612 -0.0113224 0.0250125 0.0084239 -0.0214988 -0.00135845 -0.00764576 -0.0153854 -0.0128415 -0.014392 0.00188523 -3.59260529465512 -4.67033106720201
HG01613 HG01613 -0.0121595 0.0254458 0.00872667 -0.0211789 -0.00127451 -0.00877539 -0.015591 -0.0165644 -0.0178028 0.00144392 0.251082026527582 -13.2095298428447
HG01615 HG01615 -0.012005 0.0248478 0.00766366 -0.0206313 -0.000695768 -0.00642926 -0.0143165 -0.0151706 -0.0156004 0.000925905 1.49926223356473 -11.6463236722223
HG01617 HG01617 -0.0120908 0.0246968 0.00823792 -0.0202311 -0.00211334 -0.00804614 -0.0150931 -0.0167442 -0.0196787 0.00156606 0.469633787876021 5.43483495867683
HG01618 HG01618 -0.0122236 0.0245914 0.00915888 -0.0191071 -0.00205868 -0.00871047 -0.0160319 -0.0189561 -0.0191092 -0.000921569 -0.363760826900207 -13.3846604034798
HG01619 HG01619 -0.0122101 0.0252018 0.00749419 -0.0198084 -0.00189394 -0.00930429 -0.0143702 -0.0170504 -0.0193678 0.00184139 0.252686045094802 3.74513350166604
HG01620 HG01620 -0.011846 0.0246258 0.00850935 -0.0203402 -0.00143322 -0.00949977 -0.0152042 -0.0183137 -0.0202117 0.000366313 -0.297173506324665 -13.4115122437816
HG01623 HG01623 -0.0118244 0.0249533 0.00877941 -0.0209837 -0.00162708 -0.00912406 -0.017849 -0.0200841 -0.0205092 0.00167882 1.4300580317308 -1.32891063820639
HG01624 HG01624 -0.0117813 0.0247332 0.00837063 -0.0210586 -0.00179092 -0.0101043 -0.0182533 -0.0206684 -0.0175761 0.000224824 0.110955149830118 -6.36647865641567
HG01625 HG01625 -0.0124627 0.0247519 0.00810635 -0.0205207 -0.00147488 -0.00752274 -0.0124899 -0.0155462 -0.0241595 -0.000381411 -0.242240942855323 -10.3227395212509
HG01626 HG01626 -0.0116016 0.0236815 0.00680145 -0.0190621 -0.00125446 -0.00967055 -0.0206566 -0.0231037 -0.0201991 0.000106473 -1.25682949351265 -10.5747992357823
HG01628 HG01628 -0.00984101 0.0231032 0.00688136 -0.0183239 -0.00168367 -0.0116622 -0.0211836 -0.0216318 -0.0180701 0.00349949 -1.87815715185483 -1.64036008827037
HG01630 HG01630 -0.0106054 0.0240324 0.00755909 -0.0200561 -0.0015407 -0.0108551 -0.0215853 -0.0214884 -0.0203257 0.00299549 -1.03454353143658 -3.71522284738979
HG01631 HG01631 -0.0125558 0.0256619 0.00854621 -0.0216455 -0.00157736 -0.0100789 -0.0158264 -0.0188287 -0.0128112 0.000732098 -0.837302207802217 1.01107228269469
HG01632 HG01632 -0.0121739 0.0249478 0.00846212 -0.0213669 -0.00115379 -0.00948178 -0.014495 -0.0159775 -0.0124406 0.00262304 1.40012899164559 -15.1429178254832
HG01668 HG01668 -0.0116366 0.0240325 0.00755114 -0.0197079 -0.00167427 -0.00819734 -0.0101178 -0.0112924 -0.0178781 0.00196959 -0.26231985316766 -8.72649442705155
HG01669 HG01669 -0.0103585 0.0238507 0.00808241 -0.0202699 -0.00163708 -0.00850782 -0.0138302 -0.0157039 -0.0152654 -0.000123838 -0.827764376557417 -11.5531624451354
HG01670 HG01670 -0.0121124 0.0246467 0.00801811 -0.0205853 -0.00231807 -0.00864227 -0.015651 -0.0179378 -0.0166965 0.000648121 -1.37508187242506 -9.90644392286212
HG01672 HG01672 -0.0122156 0.0251553 0.00819886 -0.0206804 -0.00221399 -0.00706327 -0.0126772 -0.0146973 -0.0196499 -0.0013802 -1.22565440619894 0.807950157391161
HG01673 HG01673 -0.0124571 0.0253061 0.0105525 -0.0230901 0.00067211 -0.00542587 -0.0182395 -0.0189367 0.0418249 -0.00534355 -0.688735007210721 -7.57355552366972
HG01675 HG01675 -0.0125043 0.0254363 0.0109312 -0.0228633 0.00151168 -0.00576079 -0.0194712 -0.0209605 0.0438077 -0.00611482 0.321400094341107 -9.02555986204772
HG01676 HG01676 -0.0125182 0.0258161 0.0116527 -0.0242938 0.00266776 -0.00583021 -0.018374 -0.0174327 0.0480758 -0.00593689 0.69426821306585 -12.5698056922433
HG01678 HG01678 -0.0122985 0.0252329 0.0110347 -0.0238408 0.00191905 -0.00498311 -0.0212057 -0.0209832 0.0521054 -0.00630362 1.15831954900413 2.09483167650683
HG01679 HG01679 -0.0121424 0.0252229 0.0108375 -0.0236326 0.00140398 -0.00620976 -0.0206738 -0.020829 0.0461584 -0.00534829 0.63510145071618 -3.6944886469913
HG01680 HG01680 -0.0121997 0.0251081 0.0111082 -0.0230271 0.000766728 -0.00491336 -0.016856 -0.0192783 0.0479649 -0.00510607 -1.35080508186076 -3.96680407627407
HG01682 HG01682 -0.0124491 0.0252619 0.00953376 -0.0224962 -0.000291789 -0.00694511 -0.0165772 -0.0187558 0.0183399 -0.00244815 -0.84998668860829 -22.1982849395298
HG01684 HG01684 -0.012645 0.0254627 0.00990899 -0.0227625 0.00022022 -0.00626501 -0.0171222 -0.0192426 0.0192256 -0.00419447 -0.196377749579539 -12.611646627102
HG01685 HG01685 -0.0116559 0.0244096 0.00920431 -0.0212392 0.00036104 -0.00594652 -0.017534 -0.0178283 0.024754 -0.00277784 0.409982527998314 -4.51541755047609
HG01686 HG01686 -0.0118975 0.0245081 0.00937305 -0.0218147 0.000490678 -0.00612707 -0.0147907 -0.013946 0.0212511 -0.00315041 0.482400895930418 -9.69562894393859
HG01694 HG01694 -0.0102652 0.0234843 0.00877901 -0.020779 -3.43445e-05 -0.00801825 -0.018327 -0.0178085 0.0269851 -0.00332033 -0.164118875733941 -7.72629675394698
HG01695 HG01695 -0.0104364 0.0234932 0.00874788 -0.0209259 0.00150474 -0.00796149 -0.0186931 -0.0185894 0.0264462 -0.00227063 1.54610814997744 -3.4684460768272
HG01697 HG01697 -0.0113479 0.0248728 0.00835215 -0.020063 -0.00228809 -0.009993 -0.0203451 -0.0214053 -0.0186083 0.00218095 1.94758525249625 -13.5608715190457
HG01699 HG01699 -0.0114739 0.0248878 0.0078141 -0.021031 -0.00209936 -0.0115469 -0.0201057 -0.0215823 -0.0180224 0.0032449 0.704686714217995 1.80992081432772
HG01700 HG01700 -0.0130631 0.0261762 0.0108634 -0.0233724 -0.00278724 -0.0104129 -0.0126387 -0.0158927 -0.00953609 -0.000235323 -0.412666954694299 -14.6800992008159
HG01702 HG01702 -0.0130119 0.0263106 0.0110964 -0.0230153 -0.00231298 -0.0112782 -0.0143401 -0.0192119 -0.0108617 -0.00108952 -2.01799235808879 -8.11699854049481
HG01704 HG01704 -0.0111495 0.0246424 0.00852091 -0.0204051 -0.00301585 -0.00906216 -0.0181536 -0.0171044 -0.0140144 0.00335119 -0.507468258686765 -2.05072437336112
HG01705 HG01705 -0.0114728 0.0250978 0.00827447 -0.0215888 -0.00242513 -0.00950638 -0.017011 -0.0189647 -0.0153178 0.00153365 -0.655836983101867 -5.98976863256233
HG01707 HG01707 -0.0117567 0.0248133 0.00807336 -0.0210558 -0.00181563 -0.00721538 -0.0144515 -0.0157255 -0.0145201 0.00195474 1.01059551855698 -1.94159424509545
HG01708 HG01708 -0.0117925 0.0244734 0.00757985 -0.0200334 -0.00230067 -0.00846346 -0.0142935 -0.0150065 -0.0153201 0.00269078 0.198549072012347 3.09155795228479
HG01709 HG01709 -0.0114249 0.0248033 0.0082239 -0.0206801 -0.00247816 -0.0094374 -0.01655 -0.0170532 -0.0162998 0.00282912 -0.212473123779259 -14.1596511957321
HG01710 HG01710 -0.0115383 0.0249864 0.00787382 -0.0211919 -0.0021777 -0.00892276 -0.0153974 -0.0151549 -0.0150997 0.00174522 0.280234475742733 -8.46903536128562
HG01746 HG01746 -0.0123174 0.0255503 0.00909341 -0.0217823 -0.00271855 -0.00873236 -0.0176552 -0.0198066 -0.0140728 0.00269282 0.452022702557051 -12.7837769750473
HG01747 HG01747 -0.0121374 0.0254881 0.00845563 -0.0207461 -0.00153843 -0.00864793 -0.0149493 -0.018826 -0.0157441 0.000115244 0.108274638094401 0.108682583761437
HG01756 HG01756 -0.0112271 0.025211 0.00865889 -0.0209662 -0.00338763 -0.0095972 -0.0190448 -0.0209647 -0.0181826 0.000346456 0.546602276245606 1.01665567735233
HG01757 HG01757 -0.0108189 0.0249511 0.00787443 -0.0199032 -0.00147701 -0.00926937 -0.0198885 -0.0216398 -0.0194616 -0.000757421 -0.123211792964317 -4.36749157887061
HG01761 HG01761 -0.0116366 0.0261212 0.00866946 -0.0214793 -0.002357 -0.00942853 -0.0179298 -0.0205288 -0.0186435 -0.000952129 1.08444484986454 -11.4479519253621
HG01762 HG01762 -0.0116597 0.0256727 0.00839924 -0.0208647 -0.00218067 -0.00839234 -0.0131802 -0.0171716 -0.0201795 0.000560966 -1.42443649261053 -11.7075077721426
HG01765 HG01765 -0.0120552 0.0252777 0.00813555 -0.0208918 -0.00236738 -0.0096512 -0.0148055 -0.0165808 -0.0141806 -2.33953e-05 -0.219257475266482 -8.5359710201342
HG01766 HG01766 -0.0117315 0.0250827 0.00815716 -0.0212147 -0.00227932 -0.0107435 -0.0193801 -0.0204757 -0.015039 -0.000189899 -0.0138241118922586 12.5788543626529
HG01767 HG01767 -0.0114637 0.0249258 0.00874884 -0.0213958 -0.0022548 -0.0110545 -0.0181566 -0.0204661 -0.0151719 0.00332247 -0.859013979473927 -6.5071126878532
HG01768 HG01768 -0.0116244 0.024659 0.0083819 -0.0208354 -0.00267664 -0.0104963 -0.0194077 -0.020008 -0.0163984 0.000272765 -0.0114824491614861 -7.21448877218598
HG01770 HG01770 -0.0117132 0.0256165 0.0095253 -0.0210413 -0.00199999 -0.00921968 -0.0173302 -0.0189233 -0.0151931 0.00290225 0.408563183546854 -1.22515781609835
HG01771 HG01771 -0.0121803 0.0260148 0.00983717 -0.0214985 -0.00242343 -0.00852989 -0.0166356 -0.0170293 -0.0184178 0.00274749 -0.594054207904331 -15.39988908306
HG01773 HG01773 -0.0124404 0.0253495 0.00856112 -0.0215207 -0.0022507 -0.00789589 -0.0135296 -0.0156306 -0.0172306 0.00194325 0.772006618860576 -18.237354576388
HG01775 HG01775 -0.0125182 0.0256756 0.00894918 -0.0214575 -0.0017207 -0.008552 -0.0148232 -0.01791 -0.0195595 0.00121858 0.373871372925822 -10.4269773154539
HG01776 HG01776 -0.0127692 0.0246102 0.00788086 -0.020381 -0.00167056 -0.00788326 -0.0126818 -0.0153961 -0.0174634 0.000930885 -0.578369181145954 -0.0117367367957044
HG01777 HG01777 -0.0124539 0.0257555 0.00866549 -0.0209208 -0.00224182 -0.00903479 -0.0160475 -0.0178154 -0.0182974 0.0028176 1.06396826109908 -8.46257186111467
HG01779 HG01779 -0.0123806 0.0256832 0.00885615 -0.0215673 -0.00295352 -0.00926131 -0.0144106 -0.0169366 -0.0188825 -0.00143424 0.139891990856699 2.6142245027241
HG01781 HG01781 -0.0123772 0.0257519 0.0081554 -0.0217541 -0.00222106 -0.0100422 -0.0182046 -0.0218328 -0.0191799 0.000495424 -1.44354587814887 -8.54447927677717
HG01783 HG01783 -0.0117191 0.025444 0.00861297 -0.021266 -0.00245162 -0.0104808 -0.0186194 -0.0201669 -0.0163731 0.00236555 -3.2244115775228 -1.64149643362457
HG01784 HG01784 -0.011708 0.0257284 0.00913881 -0.0216461 -0.00233991 -0.00969919 -0.0182733 -0.019087 -0.0193137 0.00448621 0.478345778302351 -0.417429614084824
HG01785 HG01785 -0.0127131 0.0254029 0.00868528 -0.0208742 -0.00246614 -0.00785769 -0.0117881 -0.0143169 -0.0182968 0.000533063 -2.33565619993546 -9.45299576858487
HG01786 HG01786 -0.0124242 0.0249729 0.00849931 -0.0210133 -0.00100461 -0.00835278 -0.013734 -0.016062 -0.0178723 0.000212673 1.39129727753534 -2.02313777294668
HG01789 HG01789 -0.0134854 0.0255394 0.00853547 -0.0212247 -0.00239324 -0.00215585 0.0051706 0.00234031 -0.0209127 -0.00097261 -0.317777071663265 -11.4158796694132
HG01790 HG01790 -0.0131636 0.0257625 0.0078639 -0.0201774 -0.00192256 -0.00136796 0.00564614 0.00288572 -0.0173432 -0.001243 0.758068208865082 -10.0863289163688
HG01791 HG01791 -0.013175 0.025759 0.00821424 -0.0209594 -0.00135606 -0.00171724 0.0049605 0.00170829 -0.01265 0.00100102 -1.13896446003649 4.46699011849926
HG02215 HG02215 -0.0131035 0.0256133 0.0106904 -0.0227136 0.00187715 0.000642319 0.00542396 0.00666646 0.0583991 -0.00926842 -0.588168623114787 -12.3348747632142
HG02219 HG02219 -0.0122666 0.0250309 0.00788905 -0.0204064 -0.00210068 -0.00860375 -0.0140312 -0.0171756 -0.0209072 0.00127544 -1.53995317558098 -4.0197753007952
HG02220 HG02220 -0.0126173 0.0249214 0.00720913 -0.0206857 -0.001182 -0.00789108 -0.0121694 -0.0160214 -0.0170993 0.00128928 1.90065900950045 -6.74684701777793
HG02221 HG02221 -0.0123159 0.0249498 0.00852491 -0.0215895 -0.00200333 -0.00750444 -0.0144188 -0.0157716 -0.0168706 0.000108985 -1.30946884678261 -5.98092604490528
HG02223 HG02223 -0.0122481 0.0247892 0.00817642 -0.0204082 -0.00196865 -0.00737029 -0.0115873 -0.0156949 -0.0190174 -0.00134929 -0.511478534337957 1.03110352526057
HG02224 HG02224 -0.0128029 0.0246835 0.00820124 -0.0209068 -0.000923169 -0.00647688 -0.00891923 -0.0110538 -0.0176432 -0.000585595 -0.371696161059184 -2.6073789046979
HG02230 HG02230 -0.0125956 0.0253242 0.00779049 -0.021402 -0.0026432 -0.00793338 -0.012118 -0.0154743 -0.017241 -0.0019616 -1.6145843548287 -4.75593308317633
HG02231 HG02231 -0.0127425 0.0250295 0.00849419 -0.0202947 -0.00192467 -0.00715284 -0.0122762 -0.0151737 -0.0195836 -0.00241049 0.775428980135069 -3.96124221347992
HG02232 HG02232 -0.0119286 0.0251872 0.0102282 -0.0230842 0.00150751 -0.00797524 -0.0187917 -0.0171862 0.0547977 -0.00763171 1.58970883629656 -1.96226887110389
HG02233 HG02233 -0.0116202 0.0243244 0.00999521 -0.022126 0.00273472 -0.00700614 -0.0199863 -0.020533 0.0612363 -0.00672296 1.77822672528052 -4.97520436708946
HG02235 HG02235 -0.0123465 0.024907 0.00787293 -0.0202094 -0.00256721 -0.00910235 -0.0163597 -0.0189616 -0.0208954 0.00177906 -1.38629361743681 0.17370376432505
HG02236 HG02236 -0.0122133 0.0252157 0.00845253 -0.0204307 -0.00238593 -0.00866725 -0.0135663 -0.0145966 -0.017473 0.00297029 0.709589662499846 0.457135127028713
HG02238 HG02238 -0.0117586 0.0245583 0.00963757 -0.0220969 0.00146017 -0.0082563 -0.0211948 -0.0206587 0.0591501 -0.00785849 -0.723020732236851 5.46780640440585
HG02239 HG02239 -0.0116744 0.0235808 0.00770637 -0.0201178 0.00178211 -0.00671127 -0.0168247 -0.0158777 0.0588658 -0.00624405 1.02784642631352 -4.69709331227861
NA06984 NA06984 -0.0132149 0.0257646 0.0105858 -0.0229338 0.00324926 0.00802672 0.00412081 0.00405064 0.0537464 -0.00402261 -0.0439704507931732 0.48809355104074
NA06985 NA06985 -0.0124394 0.0257355 0.00830137 -0.0206833 -0.00171468 -0.00189875 0.00468547 0.00429925 -0.0167556 0.000608387 -0.0231195488646808 10.1219018680552
NA06986 NA06986 -0.0127594 0.0260305 0.00831178 -0.0217203 -5.90659e-05 0.00509741 0.00564918 0.00395881 0.00421652 0.000525596 0.528285750581835 -6.42333151457858
NA06989 NA06989 -0.0133329 0.0258884 0.0105927 -0.0243436 0.00531889 0.0104712 0.00508115 0.00460493 0.0466646 -0.00378518 1.46646908401595 -2.74066677427183
NA06994 NA06994 -0.0131168 0.0262121 0.00845877 -0.0208093 -0.00208787 0.000732612 0.0101588 0.00985116 -0.0172527 0.00319639 0.322464864393536 2.82285610994041
NA07000 NA07000 -0.0129134 0.025988 0.00835333 -0.0215051 -0.00295596 0.00252579 0.0111575 0.00836588 -0.0228796 -0.00380412 -0.0474024837543508 0.158173869405633
NA07037 NA07037 -0.013139 0.0257377 0.00785436 -0.0206286 -0.00203465 -0.000875447 0.00544577 0.00291256 -0.0214372 -2.12659e-05 -0.541732869385211 -13.8780911730258
NA07048 NA07048 -0.013 0.0253664 0.00893867 -0.0219358 0.00195562 0.00527927 0.00507145 0.00493279 0.0164574 -0.00123447 2.57626060329294 -0.899630770293578
NA07051 NA07051 -0.0132047 0.0255623 0.00955558 -0.0222945 0.00303362 0.00871906 0.00721976 0.00680064 0.0183967 -0.00103963 -0.607874899755459 0.371637994077994
NA07056 NA07056 -0.0131222 0.0256741 0.00858621 -0.0205041 -0.00210977 0.000679675 0.00652985 0.00404512 -0.01821 -0.00137766 0.125610328898566 -0.916748588290854
NA07347 NA07347 -0.0129485 0.0264224 0.00920773 -0.0223468 0.00113053 0.00593682 0.00382443 0.00107219 0.00764101 0.000857446 0.564566690503001 -9.20094807154802
NA07357 NA07357 -0.013179 0.0257293 0.00802581 -0.0203542 -0.00169457 -0.000990087 0.0059982 0.003333 -0.0202829 -0.00223771 -0.580047302149249 -6.97678493120159
NA10847 NA10847 -0.0132126 0.0261318 0.00834431 -0.020957 -0.00157028 -0.000631176 0.00760289 0.00636987 -0.0227026 0.000884538 0.486885522385989 4.88314883784656
NA10851 NA10851 -0.0132996 0.0260656 0.00845265 -0.0213388 -0.0024719 -0.000212273 0.0100534 0.00983861 -0.0228737 -0.00229884 0.103679319993827 -12.2430689893439
NA11829 NA11829 -0.0132078 0.0261277 0.00893029 -0.0216016 -0.00125177 0.00591123 0.0140547 0.0137716 -0.014722 0.00113748 -1.26771390119785 3.85350480329166
NA11830 NA11830 -0.013357 0.024741 0.00805312 -0.0201471 0.000325973 0.00370625 0.0118051 0.010404 -0.00779095 -0.000181066 0.462160089824565 -6.99940743722136
NA11831 NA11831 -0.0129329 0.0257927 0.00845369 -0.0206756 -0.000927501 -0.00158868 0.00334494 0.00242044 -0.0139109 0.000483324 -0.223091252337352 -2.83207050105752
NA11832 NA11832 -0.0128826 0.0261698 0.00790476 -0.0215263 -0.000242288 0.00109963 0.00157321 0.00181979 -0.0176183 0.00225655 -1.11621578237411 -16.4201773747049
NA11840 NA11840 -0.0131989 0.0257142 0.00901723 -0.0210379 -0.00103013 0.00477933 0.0150233 0.0157068 -0.011174 -0.000567315 -0.544136357570961 1.38316151788077
NA11843 NA11843 -0.0130496 0.0251237 0.00906547 -0.0214946 0.000875208 0.00376754 0.00732968 0.00766366 0.00814487 -0.00190535 -0.421464565355376 8.38713638771602
NA11881 NA11881 -0.013074 0.025835 0.00799856 -0.0207186 -0.0021715 3.72076e-05 0.00966205 0.00577276 -0.0230776 -0.00237098 -0.326638988563385 -0.159980270926942
NA11892 NA11892 -0.0128729 0.0254325 0.00804078 -0.0213825 -0.00198663 0.000167784 0.00504507 0.0039916 -0.0179285 -0.00221027 -1.26768010978207 -2.18073757286835
NA11893 NA11893 -0.0132432 0.0258928 0.00828997 -0.0209439 -0.000880979 0.00183085 0.00689613 0.00547766 -0.00966222 -0.0029067 0.151636429019866 3.02934723591529
NA11894 NA11894 -0.0131452 0.0258988 0.0076841 -0.0213865 -0.00115803 -0.000156906 0.00861338 0.00674407 -0.018601 -0.00132904 -0.108324373983169 4.98890113508679
NA11918 NA11918 -0.0133127 0.0257404 0.00918616 -0.021329 0.000832581 0.00521621 0.00778513 0.00376566 0.0069787 0.00140518 1.99121608623088 1.27054231089449
NA11919 NA11919 -0.0127874 0.0260347 0.00826007 -0.0206566 0.00100631 0.00161356 0.00337915 0.00287954 -0.00318002 0.00316187 1.09969443247303 -10.0703866407139
NA11920 NA11920 -0.0130218 0.0261906 0.00854208 -0.0214077 0.000280482 0.00425438 0.00636664 0.00358393 0.000718102 0.00165628 0.846361760218667 -5.54903710124865
NA11930 NA11930 -0.0128859 0.0253295 0.00779566 -0.0206935 -0.00055119 2.60491e-05 0.00547402 0.00547664 -0.0100121 0.000932899 1.86003731330379 3.91421387263465
NA11931 NA11931 -0.0130294 0.0255729 0.00804788 -0.0207821 -0.00261301 0.000364279 0.00950757 0.00782797 -0.0201803 1.34823e-05 -0.398737128979809 16.7344978122241
NA11932 NA11932 -0.0129788 0.0257802 0.00782088 -0.0211845 -0.00131857 -0.00217622 0.00439776 0.0030012 -0.0168597 0.000768398 -0.0899500472226508 2.31052113905422
NA11933 NA11933 -0.0130204 0.0256771 0.0081136 -0.020369 -0.00105926 -0.00027114 0.00488165 0.0031847 -0.0161907 0.000949288 -0.890040698632627 -14.6663560606629
NA11992 NA11992 -0.012637 0.0258518 0.00773534 -0.0207729 0.000648929 0.00302017 0.00213285 0.00222006 -0.0125169 0.000978754 0.771575768642483 1.54772141133416
NA11994 NA11994 -0.0128765 0.0259946 0.00891373 -0.0210755 -0.000282087 0.00252443 0.00780417 0.00658951 -0.00991744 3.12934e-05 0.235972885201428 0.624348002916132
NA11995 NA11995 -0.0129693 0.0261402 0.00822678 -0.0209674 -0.00138594 -0.000909371 0.00723697 0.00628548 -0.0181592 0.00144963 -0.437005132077148 -2.80893707650889
NA12003 NA12003 -0.0132488 0.0252295 0.00848829 -0.0199535 1.45693e-05 0.00318065 0.0158996 0.016603 -0.0161159 0.00114468 -1.78032527880582 -5.77706139153409
NA12004 NA12004 -0.0129065 0.0259229 0.00868638 -0.0217581 -0.00154958 -0.00136137 0.00487059 0.0045484 -0.0194344 0.00180249 -1.39813773907783 -9.6003684364282
NA12005 NA12005 -0.0129257 0.0261162 0.00879409 -0.0216599 -0.00109812 0.000311902 0.00627504 0.00531046 -0.0168155 0.00160781 2.12360181285827 0.186553442355875
NA12006 NA12006 -0.0129323 0.0257403 0.00845977 -0.0198753 -0.00174599 -0.000665938 0.0060085 0.00543886 -0.020393 0.000624296 -0.970975291513822 9.93060720597223
NA12043 NA12043 -0.0132327 0.0257235 0.00804454 -0.0206199 -0.00185373 -0.00122448 0.0057524 0.00457414 -0.0208158 -0.00189555 -0.58143515202008 1.13754766640247
NA12044 NA12044 -0.0130568 0.0263675 0.00855098 -0.0212848 -0.00184683 -5.30608e-05 0.00519153 0.00371906 -0.0215423 0.000595867 -1.03598463753968 7.9801734123265
NA12045 NA12045 -0.0129247 0.0257604 0.00960413 -0.021458 -0.000837665 0.00234091 0.00346611 0.000433168 0.00100693 0.000799617 0.193316281919977 -3.73836040965327
NA12046 NA12046 -0.012956 0.0253168 0.00806275 -0.0203698 -0.00225644 0.000300656 0.0089112 0.00856321 -0.0187037 0.000382531 -1.29451882191197 -5.50423924822547
NA12058 NA12058 -0.0131035 0.0259699 0.0110775 -0.022973 0.00518898 0.00996285 0.000804685 0.00201315 0.0709482 -0.00682311 -0.0472641419999835 -17.9845306990641
NA12144 NA12144 -0.0129041 0.0261165 0.00717842 -0.0208969 -0.00237272 -0.00223603 0.00373693 0.000178633 -0.0214216 -0.00349911 1.387316997 -3.56250918796822
NA12154 NA12154 -0.0131244 0.0258022 0.00834127 -0.0211121 -0.00109214 0.00130478 0.00857278 0.00635675 -0.0162684 0.00227084 0.123836065089456 -3.82598213806599
NA12155 NA12155 -0.012823 0.0260267 0.00876283 -0.0210084 0.0024757 0.00671196 0.00208743 0.00335428 0.0137498 -0.000699163 -0.213989186797861 -5.69024938171313
NA12156 NA12156 -0.0132349 0.0257481 0.00797846 -0.020246 -0.00259765 -0.0011379 0.00661761 0.00613406 -0.0205823 0.00139522 1.00484109161999 -20.020158750252
NA12234 NA12234 -0.0132105 0.0258164 0.00783386 -0.0205947 -0.000906679 -0.00248308 0.00343778 0.00266322 -0.019819 0.00146312 -0.977170666058075 4.2546593715142
NA12249 NA12249 -0.0135507 0.0252089 0.00861528 -0.0203084 0.000972663 0.00541598 0.0157949 0.0157663 0.00944543 -0.000671645 -1.06829616322933 7.66930216496039
NA12272 NA12272 -0.0131367 0.0254109 0.00830911 -0.0217327 0.000376093 0.00307892 0.00237674 0.00257045 -0.00377558 -0.00210208 -0.200626067439204 -2.93169189327873
NA12273 NA12273 -0.0128387 0.0257451 0.0078492 -0.020247 -0.00124077 0.000372546 0.00323355 0.00130058 -0.0182763 -0.000546265 -1.9722042168774 -12.3564966141395
NA12275 NA12275 -0.0128762 0.0250531 0.00995838 -0.0220321 0.00645281 0.0111439 0.00159335 0.00543072 0.0244909 -0.00550815 -0.516806194220022 -3.75968289950894
NA12282 NA12282 -0.0128713 0.0256845 0.00858671 -0.0204688 -0.00114024 -0.00153632 0.00318374 0.00219768 -0.019832 0.00247323 -1.26769636971358 2.59785631766852
NA12283 NA12283 -0.0126718 0.0255874 0.00846161 -0.0206812 -0.000871721 -0.000624864 0.00434685 0.0035289 -0.0196055 0.000603266 1.06984262611692 5.45593415635786
NA12286 NA12286 -0.0129505 0.0246002 0.00685827 -0.0188694 -0.000751474 0.00221163 0.00945036 0.00981311 -0.0182291 0.00253443 -1.17239340081449 0.140837790319093
NA12287 NA12287 -0.01308 0.02601 0.00813738 -0.0211225 -0.00224113 -0.00116253 0.00519818 0.00286324 -0.015218 -0.000836025 -0.781109698157447 -6.97809788238665
NA12340 NA12340 -0.0131842 0.02598 0.0097756 -0.0222378 0.00225649 0.00563486 0.00166245 -1.20391e-05 0.0400513 -0.00236813 -0.626213569711133 -11.5708562044215
NA12341 NA12341 -0.0126003 0.0259332 0.00951345 -0.0212612 0.00232395 0.00537271 0.00471898 0.00456791 0.0102869 -0.0019888 0.61947062695641 11.9237961204964
NA12342 NA12342 -0.0129016 0.0262799 0.00996343 -0.0212313 0.00135342 0.00409601 0.00640482 0.00652896 0.0172456 -0.000813542 2.7828252468895 -7.07952519865763
NA12347 NA12347 -0.0131281 0.0258276 0.00819326 -0.0213668 -0.00180099 0.00226264 0.0112165 0.00957978 -0.0158047 -0.00302044 0.0546606162000795 -2.14160549110569
NA12348 NA12348 -0.0132281 0.0255686 0.00894547 -0.0204005 -0.00191571 0.00152049 0.0074254 0.00470904 -0.0180945 -0.00190807 0.155897144557041 -4.09679223198262
NA12383 NA12383 -0.0129618 0.0261397 0.00767456 -0.0217061 -0.00299664 -0.00212166 0.00366312 0.000657619 -0.0185876 0.000199211 -0.766637728934869 -10.7080389708031
NA12399 NA12399 -0.0130643 0.0256223 0.00938011 -0.0219289 0.00186604 0.00611576 0.00361066 0.00224826 0.0111211 0.000338478 -0.341101340113793 -4.98406585090928
NA12400 NA12400 -0.0131814 0.0254292 0.00924753 -0.0209897 0.00253375 0.00634173 0.00497273 0.00382638 0.00565395 0.000810176 -0.769589469268293 3.67902470021544
NA12413 NA12413 -0.0127849 0.025611 0.00854767 -0.0208405 -0.00235878 -0.00309564 0.00143737 -0.0016845 -0.018617 -0.00127942 0.557345123227352 -9.82515665263948
NA12414 NA12414 -0.0127559 0.0261547 0.00892953 -0.0205324 -0.00237248 -0.00127952 0.00547495 0.0061734 -0.0217556 0.00268165 -0.203241246391466 -9.08301189886218
NA12489 NA12489 -0.0126737 0.0261112 0.00873087 -0.0207776 -0.00286851 -0.000895326 0.00439671 0.00191868 -0.0193101 0.000864368 1.30295473333062 -15.1488056084801
NA12546 NA12546 -0.0130791 0.0260413 0.00786881 -0.0200479 -0.0013837 0.000423349 0.0062641 0.00475137 -0.0147481 -0.00290833 -0.292993197424564 -0.229995074801378
NA12716 NA12716 -0.0135456 0.0265112 0.00813177 -0.0214632 -0.00239203 -0.000143082 0.0102692 0.00707071 -0.0207593 0.000762862 0.243058671506286 -8.6565145451493
NA12717 NA12717 -0.0133252 0.02605 0.00852461 -0.0211941 -0.00165079 -0.000550059 0.00729423 0.00535487 -0.0213237 -5.2317e-05 -0.494727218481759 0.117765479223764
NA12718 NA12718 -0.012963 0.0255608 0.00839704 -0.0207904 0.000700664 0.00160315 0.00672646 0.00920764 -0.00846644 -0.00146541 1.56505846586158 -2.81158330975272
NA12748 NA12748 -0.0133513 0.0262418 0.00960479 -0.0218845 -0.00101098 1.95235e-05 0.00634502 0.00544107 -0.0147614 0.0023973 0.18773537657083 3.91320051849827
NA12749 NA12749 -0.0131243 0.0260627 0.00867705 -0.0211967 -0.00247492 -0.00118449 0.00575876 0.00282038 -0.0218471 -0.00081317 -0.206505600586669 -8.31552910737952
NA12750 NA12750 -0.0132853 0.0260278 0.0084302 -0.0208932 -0.00205701 -0.00129903 0.00528206 0.00267667 -0.0224555 0.000178216 -1.15151767735166 -3.85970222643694
NA12751 NA12751 -0.0132978 0.0260224 0.00760974 -0.02095 -0.00126869 0.000776298 0.010241 0.00765428 -0.0237017 -0.00127028 -0.293431372294383 -2.75252042137867
NA12760 NA12760 -0.0125428 0.0258618 0.00788408 -0.0204765 -0.00138087 -0.000634563 0.00308075 0.00343907 -0.0196754 0.00241272 0.907434918393708 -9.75046415950038
NA12761 NA12761 -0.0134062 0.026173 0.0085964 -0.0209991 -0.00196522 -0.000122444 0.00877123 0.0059498 -0.0233657 0.00155737 0.723982025021008 4.1733012265889
NA12762 NA12762 -0.0130607 0.0258836 0.00828386 -0.0213123 -0.00179703 -0.00112694 0.00660806 0.00628544 -0.020408 0.00185472 1.76873074474158 -8.08743117727084
NA12763 NA12763 -0.0131309 0.0257594 0.00805346 -0.0205852 -0.00140172 -0.000535256 0.00491428 0.00257569 -0.0205144 -0.00121324 0.844143455143497 0.915027448243313
NA12775 NA12775 -0.0130994 0.0264802 0.00819747 -0.0211176 -0.00259153 0.000344616 0.00738375 0.00409297 -0.0178657 -0.0041636 0.47674196924745 4.56725891486506
NA12776 NA12776 -0.0131713 0.0253724 0.00819688 -0.0202199 -0.00230984 -1.77115e-05 0.0124491 0.0104545 -0.0184726 -0.00111735 0.330463996492709 5.39518010806801
NA12777 NA12777 -0.0130844 0.0263227 0.00878128 -0.021824 -0.00172122 0.000145418 0.00554622 0.00253426 -0.0171928 -0.0037377 -0.329434999990759 2.50261653117728
NA12778 NA12778 -0.0131119 0.0264071 0.008586 -0.0213435 -0.00233132 -0.000565144 0.00771055 0.00510936 -0.0192474 -0.00172273 -1.29125982043253 4.95529088369976
NA12812 NA12812 -0.0133591 0.0262041 0.00789879 -0.0211128 -0.00118411 -0.000262062 0.00813402 0.00690266 -0.0205925 -0.00038191 0.188862702412029 -3.88444087284836
NA12813 NA12813 -0.0129462 0.026129 0.00815321 -0.0207058 -0.0021507 -0.00162155 0.00347493 0.00208726 -0.0187728 0.000112684 -0.304120193516042 -5.41592208453243
NA12814 NA12814 -0.0134006 0.0260536 0.0087436 -0.020757 -0.000434272 -0.000590264 0.00762397 0.00452943 -0.0216579 -0.000232277 0.156619583784559 -13.0723195495734
NA12815 NA12815 -0.013396 0.0256316 0.00794362 -0.0196527 -0.00108804 0.000731245 0.010475 0.00902091 -0.0225964 4.16628e-05 -0.502180837291887 8.92844131769716
NA12827 NA12827 -0.0132495 0.0257498 0.00872525 -0.0204781 -0.0016782 -0.00103367 0.00825869 0.00615725 -0.0177247 0.0032188 -2.08901201363995 11.0941001167673
NA12828 NA12828 -0.0128783 0.0255096 0.00816747 -0.0206712 -0.00220017 -0.000952264 0.0059884 0.00322277 -0.0193738 -0.000404925 0.00962152178828369 -9.00698008864641
NA12829 NA12829 -0.0132664 0.0262476 0.00866523 -0.0210373 0.000522854 0.000273409 0.00349717 0.00240801 -0.010089 0.00184799 0.267428627496103 -18.092086644631
NA12830 NA12830 -0.0130432 0.0259305 0.00847165 -0.0206528 -0.00170256 -0.000393932 0.00444759 0.00307014 -0.013774 0.000952443 -1.59535613820936 -10.3726074872105
NA12842 NA12842 -0.0132622 0.0262448 0.0094044 -0.0219662 0.00186402 0.00488612 0.0067763 0.00376123 0.00285799 0.00118719 0.0783729865517539 -0.71361958034044
NA12843 NA12843 -0.0133659 0.025872 0.00856881 -0.0206593 -0.000924032 0.00112611 0.0108208 0.00858487 -0.0152784 0.00096082 0.748422077044827 0.501158536919841
NA12872 NA12872 -0.0131417 0.0254316 0.00766349 -0.0200374 -0.00139518 -0.00132131 0.00509583 0.00387176 -0.0208289 0.00130499 0.0523481215423267 -2.00980475815265
NA12873 NA12873 -0.0133724 0.0257376 0.00733966 -0.0203071 -0.00112619 -0.000142757 0.00877559 0.00680034 -0.021973 0.00115729 1.59125182713899 6.50972249906709
NA12874 NA12874 -0.0132237 0.0257963 0.00876422 -0.0203193 -0.000268626 -0.000994335 0.00838205 0.00598698 -0.0236485 0.000945522 -0.128410163114182 2.62539542932774
NA12878 NA12878 -0.0131419 0.0256761 0.0103942 -0.0223459 0.00481073 0.0106729 0.00606595 0.00647329 0.0483073 -0.00340056 1.21435858674813 1.26344687843237
NA12889 NA12889 -0.0129896 0.0261207 0.00862863 -0.0217617 0.00180664 0.00399029 0.00456245 0.00185742 0.00349351 0.000601154 -0.401725136166766 -5.24759461529739
NA12890 NA12890 -0.0131772 0.0258674 0.00879632 -0.0206466 -0.00163138 0.000242718 0.00919284 0.00772361 -0.0144461 0.000209171 1.62356382403637 -11.9598735948189
NA20502 NA20502 -0.0122628 0.0235348 0.00444236 -0.0180651 -3.65276e-05 -0.00739202 -0.0212893 -0.0227464 -0.0177667 -0.0013243 -0.867162009009045 1.03162387547497
NA20503 NA20503 -0.0123771 0.0249529 0.0062207 -0.0191829 -0.00109606 -0.00988649 -0.0187317 -0.0219144 -0.0206878 0.000163768 0.680652407698482 -11.5945622732414
NA20504 NA20504 -0.0124176 0.0242185 0.00440061 -0.0179441 -0.00259286 -0.00972058 -0.019055 -0.0213389 -0.0236087 5.19833e-05 -0.358329599750712 -11.6196757150699
NA20505 NA20505 -0.01195 0.0248013 0.00537161 -0.01962 -0.00107262 -0.00750387 -0.0206425 -0.022684 -0.0169919 -0.00163971 -1.32087623950913 1.45541222520377
NA20506 NA20506 -0.0120655 0.0243023 0.00469235 -0.0181924 -0.000671053 -0.00888984 -0.0218715 -0.0236519 -0.0203191 -0.00165165 0.168998485735275 -0.960086126446943
NA20507 NA20507 -0.0124822 0.0246563 0.00495644 -0.0188883 -0.00142226 -0.00921057 -0.0177968 -0.0200338 -0.0223988 0.000915826 -1.78803718661355 -2.70541660219525
NA20508 NA20508 -0.0124232 0.0249646 0.00432312 -0.0180203 -0.00222875 -0.00932238 -0.0184935 -0.0213181 -0.0239762 -0.000943606 0.0998996627105216 1.93787484799507
NA20509 NA20509 -0.0122155 0.0246816 0.00556079 -0.0190491 -0.00128588 -0.0103694 -0.0214145 -0.0243782 -0.0210175 -0.00188278 2.00423768270231 -7.29483716765782
NA20510 NA20510 -0.0121491 0.024816 0.00546461 -0.0196677 -0.00157209 -0.00854668 -0.020655 -0.0252331 -0.0205151 -0.00304895 -0.397939682353326 -5.66088595622503
NA20511 NA20511 -0.0124191 0.0244963 0.0049485 -0.0188437 -0.00193212 -0.0108465 -0.0179466 -0.0198892 -0.0202091 0.000491735 -0.156062941160956 2.98938125197819
NA20512 NA20512 -0.0124229 0.025036 0.00508667 -0.0195055 -0.00248509 -0.00992164 -0.0194615 -0.0226407 -0.0223974 -0.0024319 -0.198659730246689 -5.43178051945046
NA20513 NA20513 -0.0124432 0.0245571 0.00571489 -0.0183539 -0.00168999 -0.0102695 -0.0206011 -0.0242689 -0.0218142 0.00126251 -0.85081330751038 -1.31773350760425
NA20514 NA20514 -0.0125013 0.02476 0.00548417 -0.0193957 -0.00138821 -0.0107238 -0.0221431 -0.0230757 -0.0210696 0.000732062 -0.929225216121585 -6.59409726995127
NA20515 NA20515 -0.0125665 0.0247359 0.00573347 -0.0190563 -0.00245018 -0.00815746 -0.0162603 -0.0200945 -0.0202422 -0.000174603 -0.0692669434236941 -6.27796187811442
NA20516 NA20516 -0.0123852 0.0250442 0.00563772 -0.0201185 -0.00109062 -0.00939002 -0.0231098 -0.0262161 -0.0184859 -0.00271814 2.14616686078127 -9.65091421014925
NA20517 NA20517 -0.0121262 0.0252865 0.00619082 -0.019965 -0.0018755 -0.00912982 -0.0213604 -0.0243086 -0.0220571 -0.000544572 0.845254951798699 -19.0874284116567
NA20518 NA20518 -0.0122893 0.0249044 0.00518803 -0.0187441 -0.00145173 -0.0086954 -0.0192672 -0.0233372 -0.0232905 -0.00285335 -0.265279436819391 -3.08342627109288
NA20519 NA20519 -0.0120832 0.0247523 0.0052634 -0.0191343 -0.00176898 -0.0103583 -0.022597 -0.0265855 -0.0241688 -0.00280839 0.505881356209291 -8.47728208558096
NA20520 NA20520 -0.0123276 0.0249077 0.00539221 -0.0199847 -0.00193302 -0.00907699 -0.0182363 -0.022178 -0.0221201 -0.00236888 -0.280617708608178 -3.65417392025427
NA20521 NA20521 -0.0122423 0.0250078 0.00548949 -0.0197035 -0.00272032 -0.00978056 -0.0224425 -0.0257339 -0.0224111 -0.00250825 -0.911055166272686 -6.00595490455699
NA20522 NA20522 -0.0121355 0.0249758 0.00530552 -0.0186817 -0.00179616 -0.00966724 -0.0210461 -0.0241696 -0.0204356 -0.000491338 -1.59399778089495 -12.8648030160813
NA20524 NA20524 -0.0125186 0.0253011 0.00593992 -0.021021 -0.00251921 -0.00694979 -0.0181761 -0.021922 -0.0170168 -0.00212644 0.726043448729012 -14.6358043555654
NA20525 NA20525 -0.0121487 0.025056 0.00582154 -0.0197758 -0.00116177 -0.00820947 -0.020798 -0.0243166 -0.0177121 -0.000291905 -1.04734873864781 0.357119085749567
NA20527 NA20527 -0.0124032 0.0248154 0.00573352 -0.0192858 -0.0015124 -0.00813834 -0.0199408 -0.0225474 -0.0163092 -0.00163886 0.834950213454094 -2.63332617480356
NA20528 NA20528 -0.0123412 0.0245787 0.00516394 -0.0189992 -0.00106001 -0.00888176 -0.0212896 -0.0248001 -0.0173891 -0.00208237 0.668258969022399 -0.745900851507395
NA20529 NA20529 -0.0121333 0.0246144 0.00527548 -0.0191834 -0.00140349 -0.0104856 -0.0218079 -0.0242583 -0.022235 -0.000500103 -0.627130341538072 3.03336085994256
NA20530 NA20530 -0.0123492 0.0251378 0.00605282 -0.0196024 -0.00127103 -0.00823568 -0.0190953 -0.0223841 -0.0195549 -0.00118193 0.683591268025137 -0.451976083187642
NA20531 NA20531 -0.0123873 0.0250566 0.00539829 -0.0197162 -0.00204555 -0.0112034 -0.0209847 -0.0247274 -0.0239209 -0.000645563 -0.972377404185967 -5.59254032105087
NA20532 NA20532 -0.0122445 0.0245992 0.00549503 -0.0190751 -0.00131142 -0.0105105 -0.0211658 -0.0240911 -0.0222473 -0.00158229 0.061633501719101 -8.88382362735111
NA20533 NA20533 -0.0122395 0.0246274 0.00567841 -0.0188039 -0.0016693 -0.0105686 -0.0210391 -0.0242906 -0.023494 -0.00145978 -0.0921813622022238 -8.79666778423835
NA20534 NA20534 -0.0121716 0.0249959 0.00541026 -0.0191322 -0.00189326 -0.00997646 -0.0222205 -0.0240639 -0.0157511 0.000130687 -1.82125599218185 -1.34216190808016
NA20535 NA20535 -0.0123757 0.025452 0.0059674 -0.0198227 -0.00193246 -0.010046 -0.0190873 -0.0238592 -0.0216454 -0.00178088 -1.12141664145323 -3.728207725653
NA20536 NA20536 -0.0123243 0.0249646 0.00617359 -0.019471 -0.00203503 -0.00950694 -0.0197409 -0.023458 -0.0209535 -0.00207681 1.06541500577754 -14.2401879309555
NA20538 NA20538 -0.0121831 0.0249317 0.00627151 -0.0198469 -0.00218752 -0.0100589 -0.0241225 -0.0276623 -0.0212251 -0.000817533 1.64466650553959 -8.59569339840174
NA20539 NA20539 -0.0122011 0.0249544 0.00518527 -0.019459 -0.0016704 -0.00946746 -0.020567 -0.0245696 -0.018429 -0.00122801 2.0414526321104 -0.491342092714879
NA20540 NA20540 -0.0125574 0.0235163 0.00588829 -0.0184852 0.00184186 -0.00385158 -0.0209502 -0.0208083 -0.00147649 -0.00281194 2.19969158829874 -0.0905829750123779
NA20541 NA20541 -0.0122419 0.0251699 0.00609753 -0.0196002 -0.00162468 -0.0083876 -0.0220199 -0.0260801 -0.0195517 -0.00131803 1.19490522733611 -6.71310617470645
NA20542 NA20542 -0.0121863 0.0247007 0.00577536 -0.0198202 -0.00297049 -0.00909916 -0.020365 -0.0232469 -0.0187159 -0.00183645 1.15729173926728 -3.41220782752384
NA20543 NA20543 -0.0120362 0.025011 0.00499261 -0.0193735 -0.001228 -0.00922742 -0.0184572 -0.0211524 -0.0199355 -0.000610642 0.202123931415381 -10.0963051206384
NA20544 NA20544 -0.0122592 0.0247914 0.00541618 -0.0195163 -0.00249518 -0.00966122 -0.0211486 -0.0227796 -0.0182903 -0.00184888 -0.0221219732662874 -9.66971802362161
NA20581 NA20581 -0.0121549 0.0248334 0.00601949 -0.0193708 -0.000778134 -0.00758904 -0.0222509 -0.0255867 -0.0141443 -0.00273237 0.0453558414483382 -17.9250170365687
NA20582 NA20582 -0.0122493 0.0235677 0.0059407 -0.0193278 0.00250168 -0.00393851 -0.0215157 -0.021049 0.00219347 -0.000300512 -2.56726487665008 -5.67057924377839
NA20585 NA20585 -0.0121516 0.025224 0.00648526 -0.0205756 -0.000460758 -0.00816165 -0.0213121 -0.0246324 -0.0164571 0.000658985 -0.224844087102266 -10.4233096766095
NA20586 NA20586 -0.012346 0.0247215 0.00554988 -0.0191527 -0.000234025 -0.0100118 -0.0222055 -0.0237161 -0.0163655 -0.00177329 -0.985656094811614 -6.28740692865802
NA20587 NA20587 -0.0118874 0.025133 0.00547291 -0.0198006 -0.00347683 -0.00768194 -0.0173227 -0.0186331 -0.0175633 0.00352525 -2.07485127584049 -4.87478957965282
NA20588 NA20588 -0.0118776 0.024951 0.00533611 -0.0193374 -0.0020636 -0.00932754 -0.0220014 -0.0259956 -0.0193029 -0.000808655 0.136529733561829 0.0955831199066703
NA20589 NA20589 -0.0120939 0.0246498 0.00512328 -0.0185921 -0.00178776 -0.00963226 -0.020086 -0.0230095 -0.0218889 0.000889758 0.00222907692808643 -11.545369419824
NA20752 NA20752 -0.0121176 0.025287 0.0059499 -0.0196328 -0.00140917 -0.00891325 -0.0243319 -0.0282245 -0.0146041 -0.00080481 1.45225151511452 -5.29538016182146
NA20753 NA20753 -0.0121778 0.0247571 0.0055221 -0.0197943 -0.0020729 -0.0105448 -0.021975 -0.0245209 -0.0213858 -0.00136715 0.156658991201545 -6.37978839786802
NA20754 NA20754 -0.0122416 0.0249438 0.00501147 -0.0190868 -0.0023546 -0.0114155 -0.0202454 -0.0238986 -0.022044 -0.000492482 0.408321350127158 5.35453271562741
NA20755 NA20755 -0.012168 0.0250148 0.00490572 -0.0192701 -0.00160356 -0.00973793 -0.0218841 -0.0254944 -0.0180844 -0.00351559 -0.235578737550088 -2.16851880613147
NA20756 NA20756 -0.0120479 0.0249421 0.0054068 -0.0189109 -0.00252864 -0.00890091 -0.0174491 -0.0212529 -0.0207159 -0.00169518 0.841486392510905 -11.9675751596554
NA20757 NA20757 -0.0121264 0.0242022 0.00525373 -0.0188174 0.000280792 -0.00651199 -0.0227377 -0.0242704 -0.008997 -0.00188783 0.483293617054816 -16.8698420309235
NA20758 NA20758 -0.0121284 0.024906 0.00475822 -0.0192465 -0.000903725 -0.00773857 -0.0213027 -0.025717 -0.0137048 -0.00167772 2.20811313322117 -0.103291282142301
NA20759 NA20759 -0.012339 0.0249836 0.00557373 -0.019763 -0.000236697 -0.00796228 -0.0192719 -0.0231251 -0.0149807 -0.00347579 1.23154803941559 1.36297521106229
NA20760 NA20760 -0.0125973 0.0239228 0.00580402 -0.0193341 0.00323437 -0.00328034 -0.0183848 -0.0200593 0.00134612 -0.00198586 -0.62044823589134 -10.1771916278729
NA20761 NA20761 -0.0122643 0.0249817 0.00530546 -0.0198147 -0.00137525 -0.00769823 -0.0196724 -0.0227939 -0.016364 -0.00114796 -0.404781134162991 -12.9122626646218
NA20762 NA20762 -0.0123894 0.0249534 0.005443 -0.0189365 -0.00190166 -0.0122908 -0.019755 -0.0222661 -0.0164108 -0.00184624 1.86833910434066 -1.59435057775539
NA20763 NA20763 -0.0126705 0.0247155 0.00563427 -0.0193861 -0.00138425 -0.0112085 -0.0193415 -0.0210181 -0.0169169 -0.00127465 0.0325778068971891 -5.10857818033336
NA20764 NA20764 -0.0122295 0.0246154 0.00544518 -0.0193684 -0.00123551 -0.0118581 -0.0214826 -0.0239133 -0.0187132 -0.00107838 0.785544295493347 -6.854217118977
NA20765 NA20765 -0.0121496 0.0250208 0.00568112 -0.0194028 -0.00276779 -0.00999933 -0.0206046 -0.0245067 -0.0203407 -0.00103442 -0.314713869810698 -15.549210150539
NA20766 NA20766 -0.0119855 0.0250964 0.00506556 -0.0189178 -0.00219085 -0.00763362 -0.0181534 -0.0218016 -0.0130269 -0.00194266 0.858627835367697 -7.82191932959411
NA20767 NA20767 -0.0124398 0.0247291 0.005913 -0.0198848 -0.000260074 -0.0120156 -0.0160103 -0.0202026 -0.0179766 -0.00176827 0.46370545966524 -6.37564787227719
NA20768 NA20768 -0.0122569 0.0249307 0.00572041 -0.0191678 -0.00188266 -0.00685574 -0.0221033 -0.0260181 -0.0130093 -0.00258591 -1.70593557685495 -5.12101949219178
NA20769 NA20769 -0.0123292 0.0242489 0.00563887 -0.0191826 0.00200144 -0.0045447 -0.0213774 -0.0212308 0.00579262 -0.00204236 0.147786617370346 -0.138702301975328
NA20770 NA20770 -0.0122114 0.0251664 0.00559795 -0.0194065 -0.00180827 -0.00943145 -0.0203886 -0.023969 -0.0190386 -0.00304831 2.1665124645958 1.78675822449127
NA20771 NA20771 -0.0122097 0.0251954 0.00536826 -0.0198714 -0.000671376 -0.0081423 -0.0202422 -0.0227286 -0.0155325 -0.000450346 -0.934719587654686 -12.3150341179862
NA20772 NA20772 -0.0122508 0.0250877 0.00553387 -0.0192781 -0.00192959 -0.00980939 -0.0237542 -0.0262698 -0.0123114 -0.000197773 2.72677568598284 -3.53514813114988
NA20773 NA20773 -0.0122994 0.0247122 0.00558589 -0.0190321 -0.00119806 -0.00733355 -0.0183114 -0.0220165 -0.00928923 -0.00174854 0.351443546842717 -1.44073034750141
NA20774 NA20774 -0.0121438 0.0247739 0.00504552 -0.0189151 -0.00110708 -0.00816177 -0.0201588 -0.0239172 -0.0155694 -0.00109776 1.27016078640145 -7.99963287602336
NA20775 NA20775 -0.0122039 0.024589 0.00518362 -0.0193825 -0.000482037 -0.00647999 -0.0203695 -0.0230885 -0.00971699 -0.00258235 -1.34715901589744 -6.08099407523348
NA20778 NA20778 -0.0121396 0.0252445 0.00584013 -0.0205301 -0.00154728 -0.00628162 -0.0183636 -0.0220118 -0.0145105 -0.000896221 1.47258649631128 -12.4923515633161
NA20783 NA20783 -0.0123146 0.0251398 0.00538662 -0.0196049 -0.000382531 -0.00732716 -0.0212835 -0.0244881 -0.0140042 -0.000709081 -0.127270034955056 -8.55803047823891
NA20785 NA20785 -0.01217 0.024933 0.00543297 -0.0190379 -0.0018859 -0.0086586 -0.0204177 -0.0244862 -0.0153088 -0.00215567 -1.05890758767884 -10.5433808814431
NA20786 NA20786 -0.0122101 0.024875 0.00530903 -0.0191206 -0.000867799 -0.00735264 -0.0235619 -0.0263303 -0.0118477 -0.000776916 -0.904196216400559 -14.8980989517987
NA20787 NA20787 -0.0118294 0.0249627 0.00563434 -0.0194887 -0.00115031 -0.00828885 -0.022702 -0.0269559 -0.0132047 -0.000729372 -0.341198563300329 -2.19822519879257
NA20790 NA20790 -0.0120988 0.0247645 0.00528622 -0.019911 -0.00178279 -0.00847111 -0.0202361 -0.024168 -0.0137766 -0.0017132 -1.0717369572799 -5.93257944398451
NA20792 NA20792 -0.0125262 0.0244109 0.00671432 -0.0195771 0.00295209 -0.00278497 -0.0240943 -0.0261533 0.0139337 -0.00324645 0.783600982943651 -16.043864173472
NA20795 NA20795 -0.0119685 0.0251903 0.00596009 -0.01938 -0.000799991 -0.00874094 -0.0244381 -0.0278387 -0.0098416 -0.00267358 1.57425792675602 -13.3781469111189
NA20796 NA20796 -0.0122882 0.0245667 0.00655498 -0.0207245 0.00471683 0.00217281 -0.0254199 -0.0258897 0.0248093 -0.002275 0.261900019844289 -2.75178856010333
NA20797 NA20797 -0.0120348 0.024518 0.00479934 -0.0191741 -0.00235769 -0.00858973 -0.0198334 -0.0217379 -0.0176813 -0.00151168 -0.24204071788621 -6.56824360408735
NA20798 NA20798 -0.012349 0.0249005 0.0056629 -0.0198349 -0.000117511 -0.00653169 -0.0242397 -0.0284964 -0.00313835 -0.00170721 0.461254940951905 -0.70442100854108
NA20799 NA20799 -0.0121695 0.0251767 0.00614263 -0.0203359 -0.00011715 -0.00670305 -0.0249625 -0.0298911 -0.000907848 -0.00271115 0.580873121143488 -0.412914762355271
NA20800 NA20800 -0.0123071 0.0242988 0.0064867 -0.0200532 0.00302541 -0.00209914 -0.024435 -0.0253765 0.0149313 -0.00167185 -0.841763411861675 2.2784626892826
NA20801 NA20801 -0.0121896 0.02502 0.00638264 -0.0194483 0.00169479 -0.00222014 -0.0224936 -0.0263789 0.00703951 -0.00029395 2.16894316739189 -12.90304141453
NA20802 NA20802 -0.0123165 0.0245602 0.00833304 -0.0226986 0.00657174 0.00349983 -0.0293467 -0.0306444 0.0591615 -0.00606227 0.205540746799308 -9.02370052996935
NA20803 NA20803 -0.0124452 0.0254407 0.00668089 -0.0206653 0.000512344 -0.00393984 -0.0195394 -0.0231242 0.00466007 -0.00225561 0.405817074309484 -1.52065951957844
NA20804 NA20804 -0.0120802 0.024718 0.00577601 -0.019766 -0.000168801 -0.00557971 -0.0209435 -0.0251445 0.00109671 -0.00229352 0.145777213457261 0.316682924472607
NA20805 NA20805 -0.0120781 0.0252108 0.00658443 -0.0213125 0.000655251 -0.00593917 -0.0220873 -0.0275457 -0.000375219 -0.00366935 -1.30715055850096 -11.4587257129213
NA20806 NA20806 -0.0120665 0.0250587 0.00590458 -0.0199028 0.00022078 -0.00612187 -0.0235587 -0.0270792 0.000350707 -0.00181894 -0.425030420508828 -6.67980054838559
NA20807 NA20807 -0.0122946 0.025052 0.00530582 -0.0197761 -0.00126787 -0.00808607 -0.0217303 -0.0246579 -0.0188873 -0.00159116 -1.09541455967858 -8.27728754876722
NA20808 NA20808 -0.0122386 0.024801 0.00559832 -0.0191921 -0.00167281 -0.00985128 -0.0203277 -0.0236611 -0.0226615 -0.00139752 -0.138292594147935 -0.215663571870146
NA20809 NA20809 -0.0119988 0.0249613 0.00526877 -0.0199329 -0.00279162 -0.00877307 -0.0225353 -0.026858 -0.0207959 -0.00260314 0.955301598073082 -5.08552633927216
NA20810 NA20810 -0.0120958 0.0250611 0.00551976 -0.0193091 -0.00154542 -0.00786318 -0.0215716 -0.0252052 -0.0185329 -0.00122686 -1.39410383902455 -2.71412669862218
NA20811 NA20811 -0.012081 0.0251638 0.00516012 -0.0187849 -0.00230406 -0.0100002 -0.0202612 -0.0235248 -0.0225023 -0.000516614 0.318535527686827 3.25818676093724
NA20812 NA20812 -0.0123378 0.0248928 0.00593478 -0.0189119 -0.00287722 -0.0097569 -0.0181591 -0.0239392 -0.0218662 -0.0023044 -1.77626720443228 -10.1671575084643
NA20813 NA20813 -0.0122304 0.0248622 0.00536372 -0.0183495 -0.00190717 -0.0105271 -0.0202676 -0.0230031 -0.0218656 -0.00171159 0.702234399365163 -4.83660757836595
NA20814 NA20814 -0.0120981 0.0246262 0.00527035 -0.0189991 -0.00181364 -0.00847374 -0.020506 -0.0241745 -0.0229157 -0.000585247 -0.0627700865113922 -12.9675493895847
NA20815 NA20815 -0.0119946 0.0247769 0.00571524 -0.0193304 -0.00208362 -0.0104845 -0.0209471 -0.022889 -0.0220111 -0.00301196 0.600535893904373 -6.01613337216653
NA20818 NA20818 -0.0123714 0.0247608 0.00490066 -0.0186257 -0.0021741 -0.0103426 -0.0204434 -0.0245822 -0.0192872 -0.0038637 0.885123358431088 -3.80283467652457
NA20819 NA20819 -0.0121717 0.0247388 0.00512213 -0.0189481 -0.0011761 -0.00643057 -0.0173765 -0.0206278 -0.0173354 -0.0022734 -0.566427870641187 -6.22323901651989
NA20821 NA20821 -0.0123837 0.0247516 0.00543958 -0.0183772 -0.0021727 -0.0102846 -0.0186249 -0.0221619 -0.0237126 -0.000161028 -1.03032014586118 -1.91954410633
NA20822 NA20822 -0.0125421 0.0247189 0.00496311 -0.0188609 -0.0030471 -0.0105711 -0.0194551 -0.0230636 -0.0243456 -0.000543711 0.48567394182513 -18.4655577132936
NA20826 NA20826 -0.0123328 0.0248528 0.00499967 -0.0191603 -0.00259843 -0.0100245 -0.0195378 -0.021519 -0.0242887 -0.00209072 -1.52690333202314 8.00689566906288
NA20827 NA20827 -0.0123226 0.0245096 0.00449776 -0.0179972 -0.000819781 -0.00904128 -0.0182814 -0.0212374 -0.0214155 0.000356418 -0.383351427632085 -5.03442768616215
NA20828 NA20828 -0.0120678 0.0247154 0.00507931 -0.0188062 -0.00249549 -0.00978489 -0.0213917 -0.0261712 -0.0227615 -0.00245028 -0.0645789475460878 -6.69055444116216
NA20832 NA20832 -0.012251 0.0242733 0.00509333 -0.0181048 -0.00130814 -0.0100421 -0.0172992 -0.0202326 -0.0220442 0.000516699 0.117509627409806 -9.45987014100442
